2000
0.655993837703017
0.203310347256861
0.680672263112232
0.795039657407924
0.557766454088393
0.930067287259767
0.396955784129424
0.840457590222572
0.230695846132327
0.938563209464104
0.379568583508753
0.214304906881556
0.973272974590432
0.378271741503045
0.522042808366028
0.661700228537293
0.639189976099501
0.724018389696264
0.151235081791522
0.045913656263572
0.894451803012961
0.439675446338800
0.345244562879784
0.353806164746082
0.073294638224549
0.457853797570734
0.363251744938666
0.326130407082909
0.686336703918100
0.244282245749739
0.926329759380934
0.342330541155455
0.447592593472261
0.607002022027505
0.137370198563379
0.005359047094993
0.537069308821610
0.534325982692803
0.845816637317565
0.767765155419598
0.472889192156908
0.225385220360656
0.982070062301154
0.446162166281679
0.603656961863701
0.504112870201521
0.107862394353311
0.242846937497541
0.228131259897785
0.259097476144832
0.288760594226774
0.122583062445085
0.698772922949294
0.634005157106558
0.476389227191167
0.772067561173843
0.091858954211631
0.839640972129833
0.098197967791091
0.778195658595392
0.083923217879573
0.024527727172024
0.120526199285186
0.531515811351834
0.631529749199529
0.257896397848565
0.536874858446827
0.168599058021139
0.792222381007030
0.382691495298730
0.936364213440737
0.265111572698276
0.608076715659386
0.918434275276230
0.711273738979955
0.211733677523087
0.422547145477751
0.819136133333266
0.454580615020627
0.650678405375536
0.078233609012437
0.743341209247402
0.773261467820621
0.777006531961731
0.377346366353960
0.249650694546127
0.549074092669913
0.469205320565591
0.089291666210299
0.647272060926665
0.247400978695322
0.173214884089872
0.671799788098689
0.367927178446170
0.704730695441706
0.303329536832557
0.625823576294735
0.241605553422871
0.471928594853696
0.418045956836103
0.624297048721601
0.408292807828771
0.683157529534380
0.232373764380987
0.326727083105001
0.394431268048674
0.444107441904073
0.749274228582752
0.213567400916278
0.898688056924701
0.399952633492627
0.291801010394376
0.642029266172102
0.173214100847586
0.068807541890446
0.019375632060401
0.422864795393713
0.617881635026020
0.488580952625992
0.512156461604012
0.265153695487023
0.735981931786976
0.685371346159545
0.936953483585712
0.103909109767484
0.390102041135590
0.240283019952608
0.729732686062219
0.631707595024122
0.712211615271965
0.147778642898322
0.256004643280061
0.120504422635075
0.830936172432702
0.488378407661048
0.447231505740076
0.225367440481376
0.932485849565121
0.196505733857167
0.438934841397654
0.831173906489822
0.596458367349793
0.730735851792030
0.473203172196263
0.769672468197379
0.799543394148137
0.492578804256664
0.192537263125431
0.417425028708496
0.981159756882656
0.704693725195105
0.682578724195519
0.717141688203971
0.390065070888989
0.619532207315570
0.821050797971455
0.780167112024579
0.859815227268178
0.550783484033674
0.411874706583039
0.572026842074481
0.698562126931996
0.667879350328762
0.692531265175217
0.529498298899037
0.156257757524148
0.139762770449632
0.754865739380413
0.088743607089270
0.336268504772460
0.193800580778066
0.919917513579092
0.932726872122254
0.924536432570096
0.393120685309694
0.702399340319633
0.724079826252572
0.885699489566358
0.894936603445065
0.141504854495407
0.866859245983353
0.599630328174508
0.824083578690925
0.584000934187323
0.989695399063497
0.443615785540834
0.405051731693117
0.769862511088076
0.303431012809012
0.955835215726791
0.181737217205454
0.875457854883493
0.654397342193125
0.849616567534216
0.567989119593049
0.183895641092162
0.005874325058364
0.707751890508343
0.938761380472575
0.094617932147634
0.044020394815142
0.132561960784980
0.014535445261065
0.976747266937395
0.057098393355076
0.407656130570758
0.679146606791367
0.781178219607649
0.293355619671454
0.574083210236432
0.922683074568716
0.160214865189146
0.173713537945279
0.746766652793980
0.744215799376469
0.163408937008776
0.190382438334814
0.149267531069586
0.933271448096852
0.493813451143826
0.105102746330715
0.115008664836645
0.369271305561658
0.759500088989502
0.964625232836523
0.937260425620368
0.943395730081664
0.970499557894887
0.645012315663049
0.882157110088578
0.065117489576860
0.689032710478191
0.014719070873558
0.079652934837925
0.665779976949925
0.071817464228634
0.487309065408683
0.344926583741292
0.852995683836283
0.780664685080137
0.919009793977723
0.775678757939338
0.940879550269283
0.092723331457341
0.522445410733319
0.685095349645752
0.256132268466117
0.712827849068133
0.834362880715338
0.189403716097308
0.206641299746298
0.939465627046053
0.304412381399615
0.575912605307956
0.698965715569894
0.269037613770476
0.513173030462662
0.642361445185897
0.239537171199702
0.158185345660050
0.524518555274475
0.304654660776562
0.847218056138241
0.539237626148033
0.384307595614487
0.512998033088165
0.611055090376667
0.871616661023170
0.857924616829457
0.464050773747289
0.652281345637646
0.776934410341519
0.239729531686627
0.593160895441268
0.869657741798860
0.762174942419946
0.278256244621359
0.125790010264977
0.475002791022417
0.112619124871036
0.315193726362285
0.681644090768715
0.052084751917089
0.619606107761900
0.257556695611010
0.751050467486982
0.888643721532376
0.770729726539333
0.393411912672879
0.128180892266417
0.928915072199383
0.917930467947354
0.432835553042980
0.776133128337624
0.457168093629725
0.817143148657467
0.289131160960128
0.068223183540731
0.688759809214976
0.147055777323924
0.532273957288020
0.341041154386961
0.923990187665443
0.772003488974647
0.934202050293890
0.793647928998642
0.534178430928932
0.212458294449587
0.919437939263618
0.009181221485688
0.325077419786284
0.234631665625904
0.690825312254403
0.377162171703373
0.854237773387804
0.948382008331074
0.128212638724694
0.742881494920180
0.719111734404746
0.521624551397573
0.871062387186597
0.648026806138468
0.439555018879266
0.303897940229577
0.424159934010431
0.896723112508991
0.121041088421383
0.713291094970559
0.964946296049723
0.809800898102019
0.860346872294483
0.497220253337743
0.150842052023319
0.784337059494265
0.269223741846729
0.085044101851547
0.577984988492907
0.803402173241322
0.297502396766796
0.497422927290864
0.812583394727010
0.622579816553080
0.732054592916767
0.503408706981413
0.999741988256454
0.586292366304571
0.451790714846826
0.127954626515487
0.329173860759090
0.170902448785912
0.649579178378721
0.200236247480026
0.818929254924380
0.089134196792326
0.504134187709603
0.243089188934811
0.985857309766979
0.625175276596646
0.956380283905370
0.950803605351040
0.434976174233005
0.816727156199853
0.448023858223122
0.585818226256323
0.601064215228457
0.717247600535512
0.670862328573532
0.179049203255702
0.520649773311172
0.968364725340328
0.676472131012227
0.333233167572521
0.590944541427747
0.408526723463334
0.836641874553935
0.590686529218539
0.994819089767905
0.288432588935100
0.718641155734025
0.323992950061333
0.459335037721011
0.368220333647086
0.524229198007020
0.278264292645391
0.457354530905073
0.028363385250961
0.521353481580202
0.443211840206390
0.653538661847608
0.477733765019911
0.394015445091769
0.088514835614951
0.294460920754103
0.842039303780552
0.674333062336935
0.895525136448222
0.559286903850402
0.345195390444806
0.074574339238263
0.079936676695913
0.313560115319472
0.751046470250490
0.413169844268435
0.904504656747218
0.159573193713824
0.249811718822369
0.495191185500096
0.154392283016067
0.538244307757469
0.213832340768460
0.478385233543061
0.997579345944142
0.582052674881207
0.002614431084420
0.275843638123872
0.039407205320619
0.030977816335381
0.797197119704074
0.482619045527009
0.684516478648650
0.274930884258324
0.876634490618778
0.773031314263600
0.569391805478088
0.718673793933668
0.447364376134874
0.464916941460649
0.277960697318409
0.792559766579680
0.539491280698912
0.357897374014322
0.106119881433491
0.290537750949402
0.771067218748418
0.010624537715048
0.450110944663226
0.020878937105126
0.505815723215144
0.604503227679293
0.559123244862595
0.719648064449266
0.082888460756693
0.556702590341076
0.301700738864811
0.085502891841113
0.832546228464947
0.341107944185430
0.116480708642155
0.629743347703360
0.823726989712439
0.800997187290805
0.904674232427345
0.700361479865555
0.574028501088744
0.474066037439772
0.419035273799224
0.021392877223619
0.938982978900421
0.696995971117632
0.813952643803299
0.478474259133672
0.054893345131955
0.920072525702451
0.769012010083074
0.825960563880373
0.930697063417498
0.219122954280639
0.846839500985499
0.436512786632643
0.823626182425593
0.405962745382433
0.156160850616247
0.906514643182286
0.962665336189170
0.457861589481058
0.992017535489061
0.795211564188456
0.798969533666488
0.108498243665555
0.424954911891816
0.622696522913266
0.909495430956360
0.329629143853499
0.323058002313160
0.483523931579443
0.803695181293271
0.742093276112384
0.504916808803061
0.742678159728031
0.439089247230016
0.318869452606360
0.221152418396041
0.493982592361971
0.238941977843150
0.990164428944776
0.319943155776683
0.169639040794987
0.209287382759753
0.166782656296521
0.606151827427629
0.032913564719685
0.572745401678954
0.762312678043876
0.939428208367633
0.535410737402463
0.220174267059273
0.931445743391032
0.330622301590919
0.019143800260100
0.039943986590926
0.755577213482734
0.641840323173367
0.949439417547285
0.085206356870572
0.964898325952188
0.432963348661067
0.888901538163843
0.706991601598911
0.937880157929789
0.631579697426213
0.146080848363266
0.256749610070488
0.852732115822254
0.640063440725237
0.495691587913638
0.842896544301369
0.960006596501920
0.665330628708625
0.052183927061122
0.126789252332779
0.271482456136254
0.085097491780807
0.699534654477394
0.033795133714469
0.024525699682779
0.234945391414196
0.253969401239403
0.955971443073811
0.565567693005115
0.273113201499504
0.995915429664736
0.321144906022188
0.914953525138532
0.945354846746360
0.406351262892760
0.879851850625059
0.378318195407427
0.295252800590942
0.586843451758308
0.316198352871555
0.926832498017155
0.732924300587235
0.572947962942043
0.779564613839409
0.372987740846811
0.068639550390020
0.622461157675116
0.332994337348730
0.733970179098644
0.674645084736238
0.459783589681510
0.005452634769237
0.759742576982706
0.159318243693243
0.039247768949367
0.784268276665485
0.394263635573100
0.293217170188770
0.740239719739295
0.959831328578215
0.566330371688274
0.736155148938370
0.280976234600402
0.481283896361144
0.681509995684731
0.687327497493162
0.361135746520541
0.059828190626497
0.982580298549766
0.947979198744511
0.376026543498052
0.909412796101259
0.680903498866085
0.948974506440095
0.688977409475007
0.053891239247234
0.017614056364453
0.311438567150123
0.386885576595965
0.751584235463098
0.986083651886361
0.846669166743136
0.757036870697996
0.745826228403405
0.005987409970717
0.796284639647363
0.530094505068890
0.400251045543817
0.089501809370472
0.270334224342524
0.360082374122032
0.655832181058746
0.006489372815233
0.641058608722435
0.137116077419890
0.687999368499964
0.328386105749936
0.498251823940432
0.747827559126461
0.310966403834040
0.446231022219281
0.123854102158851
0.220379199935300
0.127134520619705
0.072828608133285
0.909356609410307
0.181025760332600
0.090442664497738
0.220795176094768
0.567911336928565
0.842026900426497
0.206878827981129
0.414580503206039
0.599063770658832
0.952705056384534
0.420567913642418
0.395348409840534
0.482799560987763
0.820818959186235
0.484850219211006
0.753133785330287
0.180901332842606
0.140682399804090
0.759623158611182
0.821959941565040
0.277798477223980
0.447622526645485
0.150346047314976
0.776050301630073
0.195450085771945
0.461312451149017
0.222281323383693
0.319304187930796
0.681691651084317
0.349415844469059
0.392132796529742
0.591048260494623
0.530441604801659
0.482575461027480
0.811843436589392
0.098352941264563
0.324602360988316
0.018722264104859
0.512933444936263
0.923666131647148
0.971427320955054
0.933501358578681
0.319014541022021
0.454226881477156
0.754320317299254
0.803864760233026
0.207360666807443
0.935221650607521
0.944547160502778
0.966983825418625
0.757181591706901
0.222345637261097
0.414606351598448
0.907527639021877
0.998395938891171
0.610056437370394
0.368840090170894
0.220677262274864
0.929360625766851
0.050531740789549
0.570093106743923
0.321493421830932
0.641580001284173
0.100534711079921
0.804068882858413
0.453423437873564
0.198887652344484
0.128671243846729
0.472145701978423
0.711821097280747
0.052337375028216
0.443573022467817
0.645322455393766
0.371351916515898
0.897799904410634
0.399642772693021
0.175216676283263
0.105160570752416
0.334864422834881
0.119763836320380
0.072144395705380
0.092046014076120
0.342109474047138
0.486750747303828
0.999573653563659
0.340505412472647
0.096807184674222
0.368413743268891
0.561182674747511
0.026167809975412
0.418945484058440
0.131275781025773
0.347661231806344
0.060525485342613
0.231810492105694
0.151730114199095
0.513948923216178
0.430698144915839
0.280401358045825
0.986094625194601
0.142519241730924
0.332738733539702
0.429667647662418
0.787841697590352
0.704090650055600
0.327467551607391
0.187484469817711
0.879307326338863
0.432628122359807
0.522348892652592
0.999071163124904
0.504772518065186
0.614394906728712
0.341180636706380
0.991523265369014
0.613968559826710
0.681686049179028
0.088330449577575
0.982382303095601
0.242868723926539
0.114498259552986
0.401327787154041
0.374144504952312
0.462159491359330
0.461853272496654
0.605954997523667
0.613889606024087
0.975802195712832
0.036653141973844
0.894290964069912
0.961896820441772
0.179172383704769
0.227029697143952
0.391564467638528
0.967014081295121
0.931120347199552
0.719032019245919
0.154498550647171
0.810427673538415
0.151660141140064
0.676847443299763
0.809498836197657
0.656432659205251
0.291242350028475
0.150679472438376
0.647955924574265
0.905210909855185
0.832365521617404
0.736286374151840
0.887593212950785
0.075234245078282
0.850784634170488
0.288920999639165
0.449378750496255
0.312944125064157
0.750774272135819
0.055333747554260
0.926833731088244
0.726576467382990
0.091986889528105
0.821124695158156
0.688473287359100
0.271159273232873
0.048154391836447
0.080037754997629
0.238173354527994
0.979274739501660
0.799069774243548
0.392671905175164
0.789702412574413
0.950729915849273
0.069519348474927
0.599201248306409
0.607162574588862
0.360761698503402
0.749880720744785
0.255118498697466
0.265972607892925
0.582246241896528
0.991404873314968
0.153565820378049
0.657480487440471
0.842189507019794
0.442486820017214
0.106859237471064
0.155133631618290
0.193261091687372
0.162192985025324
0.081967362706534
0.919837559070362
0.254179874553429
0.903092057864690
0.608310846429463
0.525339147786302
0.951246449701137
0.688348601427092
0.763512502314296
0.930521188737136
0.487418375204978
0.156184407489460
0.720223600845888
0.438148290588590
0.225703755964387
0.319424848686636
0.045310865177452
0.586465454467789
0.069305568965760
0.300429363874918
0.852438062360714
0.651551811327949
0.291834236724225
0.006003882738763
0.309032298302759
0.134023743278358
0.448490702755978
0.415891535773823
0.289157375362309
0.641751794909011
0.578084520799147
0.371124738068844
0.561589353513713
0.832264395352576
0.274216795467873
0.169900199477514
0.357603542673217
0.225463244703348
0.858248800904606
0.121116044987513
0.155984433440484
0.345667176109584
0.277300452476973
0.876208034286372
0.783815466698173
0.503004208441360
0.195632882973008
0.829126331875625
0.089469662443488
0.264938451938768
0.129555695750544
0.941907724804202
0.916490263266717
0.421389932474769
0.947911607542965
0.225522561103815
0.555413676218788
0.396402310298943
0.641414096877637
0.844571051581097
0.038154104742293
0.219498617211123
0.215695789184280
0.599743458256006
0.051763012098038
0.489912584652152
0.769643658199182
0.409366555236916
0.715375829355501
0.627892458638126
0.530482600224429
0.871360262795985
0.973559634747710
0.807783052701402
0.747568297082357
0.757375101445883
0.310787260677101
0.943201180055365
0.586501432855847
0.400256923120588
0.208139631528472
0.716057128606391
0.342164647459129
0.124629894795190
0.137447061081159
0.290076255002095
0.350152455899004
0.692860737299947
0.686478565301038
0.991566553242303
0.537431788415383
0.724632670043331
0.211065169987765
0.753127577599663
0.324376127833676
0.262828182551464
0.243040161786154
0.094019785567196
0.672194737788380
0.958415991141655
0.721912244670983
0.202677337547148
0.829776253937639
0.695471878953032
0.010460389782889
0.577344550554335
0.452846979933254
0.321247650459990
0.520545730144040
0.039348412789101
0.721504573580578
0.728685361672512
0.755405541395492
0.063669220574046
0.853315256467702
0.892852602476651
0.353745475576141
0.203467712366706
0.585713339310937
0.040224040411517
0.195034265143347
0.123145127260659
0.764856710454848
0.406099435131112
0.876272704860322
0.089232838288524
0.668927617682576
0.119312866180815
0.183252623855720
0.341122355005295
0.077728857322470
0.905164868526703
0.543799692552443
0.907505111260109
0.600636747479735
0.554260082335332
0.484849661348783
0.053483726947328
0.875507732795322
0.005395391027162
0.092832139736429
0.597012305910239
0.734080752699674
0.848237681597582
0.660681526949947
0.587396009167375
0.741090283608572
0.014427002060426
0.790863721534081
0.326803622919509
0.054651042937604
0.985897986677428
0.449948750180168
0.819507753392452
0.391997421342878
0.326221455040491
0.908740591680976
0.060925039025454
0.445534321221306
0.091993215536696
0.402047394030750
0.523263178543776
0.997158084063399
0.945847087048854
0.430768289338224
0.597794831077473
0.500107168918525
0.915617950687007
0.651278558490462
0.375614901713848
0.921013341714169
0.744110698226891
0.972627207624087
0.655094094413842
0.592348379358811
0.633308734108372
0.242490103115556
0.333438662967383
0.647735736634459
0.033353824183975
0.660242285886892
0.702386779572064
0.019251810395742
0.110191035601399
0.521894532498854
0.411249231738620
0.436412490641890
0.430635124179830
0.472174270764074
0.881946812328858
0.522628339716526
0.874221665260485
0.405209990406972
0.519786423314263
0.820068751843678
0.835978280210857
0.117581254391736
0.320175920296542
0.751596230432203
0.768859812882198
0.695790822010390
0.672609572146372
0.512970510643427
0.668418029634477
0.327703666094553
0.105318890002239
0.301726763277187
0.570193769210108
0.438757552969622
0.949462499911647
0.603547593394084
0.098999838390853
0.651849279018049
0.622799403789825
0.209190873992253
0.173743811516903
0.034048635062784
0.645603365099804
0.604378935696734
0.506222906292520
0.527550176963001
0.127007274947598
0.380444571087344
0.932760167369973
0.646793698261862
0.200513322465361
0.768738447115169
0.764374952653598
0.520689242761903
0.520334677547372
0.533234765070134
0.216480064772293
0.192944249228083
0.046205275713562
0.884898094406770
0.520647915322635
0.151524165715801
0.186624857218296
0.090841684067082
0.590281718685423
0.136087357129942
0.694389277461166
0.689281557076276
0.787936636147991
0.317188680785330
0.898472431068529
0.961680447664894
0.351237315848115
0.544075795702672
0.566059382895967
0.857460222140635
0.071625972200011
0.693066657843565
0.237904792762317
0.004386139569984
0.339860356105426
0.438418115227678
0.773124586685153
0.104235308293363
0.959107358455242
0.293459263766864
0.637470073829158
0.175587422761874
0.486403512994947
0.683675349542720
0.060485516702982
0.007051427851921
0.835199515258521
0.247110373921278
0.097893111919003
0.425481233478282
0.383197731051220
0.792282389380169
0.114762790088897
0.171134367199212
0.109471069699838
0.013235220691764
0.132814814398445
0.460708386013614
0.557311016860097
0.698874197760073
0.318168607688587
0.628936989060108
0.391940855137976
0.556073400916566
0.633323128630092
0.731801211243403
0.994491516144244
0.406447715315245
0.836036520002427
0.953598874133825
0.699906979082109
0.473506593365924
0.129186296430037
0.186310492077056
0.157181942442982
0.189671813133020
0.193361919928976
0.992381457701503
0.436782187519959
0.291255032313641
0.417862690714124
0.819979918571180
0.083537421228149
0.532625480803021
0.991114285770391
0.193008491393648
0.545860701494785
0.123929100168836
0.653716877407262
0.103171717889221
0.822803297928908
0.971885485095850
0.732108707414991
0.214744152601224
0.527958885546755
0.365431835579421
0.946545364310288
0.522450401690998
0.771879550894666
0.782581883847053
0.476049275359162
0.471786529976775
0.256088476747316
0.605235572254861
0.658097022053831
0.413270419190298
0.794907385387880
0.851458941982807
0.405651876426140
0.231689572442178
0.142713973830787
0.823514567140264
0.051669491013358
0.226251395524597
0.356140047477623
0.042783776318088
0.419259886918245
0.902000748972409
0.166712876486924
0.072976763859846
0.005172466861630
0.989516174415833
0.044862248490035
0.737281174276621
0.204260327017056
0.572821134502451
0.102713009390381
0.150805690861682
0.095271535727788
0.874592560750708
0.933387574708735
0.571320811086949
0.346379090261822
0.189476050990390
0.176556382876149
0.004476111849992
0.602746470180688
0.971463768729690
0.855935053832799
0.008398346141166
0.203153340706207
0.998649028129247
0.831912913281430
0.254822831719566
0.224900423188182
0.188052960293392
0.297606608503315
0.644160310106427
0.090053708800140
0.464319484990239
0.717137073966273
0.095226175661770
0.453835659406071
0.761999322456307
0.832507349938390
0.658095986423127
0.334820456493097
0.935220359794432
0.808901677284810
0.430091992220884
0.809812920079479
0.742289251527884
0.001412803307834
0.156192009875640
0.931765302518273
0.177969186183982
0.160668121725632
0.534511772233300
0.149432954448011
0.016603175092769
0.542910118374466
0.352586295619880
0.015252202756355
0.374823031190235
0.607409127339446
0.240152625944536
0.562875991483627
0.905015735842761
0.884312936050963
0.652929700283767
0.369335220832999
0.601450009551574
0.748155876411198
0.823170880239071
0.363449332007882
0.580663225883927
0.481266866196537
0.698269788500979
0.515883585212698
0.290168543015685
0.128361780721863
0.325696504826516
0.032457794077908
0.129774584029696
0.481888514702156
0.964223096596181
0.307743770213678
0.642556636427788
0.498734868363819
0.457176725127351
0.659159811986219
0.041644986272624
0.809763020747231
0.674412014742574
0.416468017462859
0.417172147621015
0.914564641152771
0.979344008946486
0.322187883463776
0.798877576738073
0.632273708764591
0.691523104296775
0.400327586289648
0.380429584710127
0.514693984070185
0.763776918297530
0.961092811059716
0.995960850266722
0.462046706332847
0.476976395806752
0.286129392816745
0.590408487054710
0.802672901098930
0.318587186894653
0.720183071084406
0.284561415335425
0.282810283025173
0.027926841298084
0.927118052228875
0.781545151388992
0.485103566425435
0.586277863749432
0.823190137661616
0.294866586707005
0.260689878026345
0.239658154658814
0.712038734328020
0.175254518713455
0.219002163139639
0.034226617326134
0.974132095917190
0.851275871904230
0.725749721622909
0.374459681741176
0.231705456614357
0.240443705227433
0.138236599573044
0.192798267208411
0.236404555028493
0.600283305905891
0.669774663015164
0.522533947845238
0.190691792960601
0.472447563648432
0.841121134739891
0.910874864045007
0.757008979449519
0.123931417299403
0.938801705343091
0.684127031212732
0.905476568688395
0.423905271302865
0.270404894496503
0.728666705884350
0.718771858009869
0.531094772522848
0.968324860543164
0.430810592337889
0.706349291701964
0.187327023217141
0.465037209664023
0.680481387153492
0.038602895121371
0.190786931286932
0.054941068429007
0.270308351735728
0.431230636514365
0.193177668002051
0.463106618944140
0.667635192008519
0.793460973907942
0.132881281493642
0.190169139388096
0.984152766868543
0.605328845607736
0.031290274127987
0.895027630913550
0.362337824591593
0.155221691427390
0.833829335790979
0.046464855338663
0.060698260115785
0.257734607093844
0.316869749835166
0.789364966000135
0.976506465103713
0.847964522358014
0.757689826543298
0.407317056975941
0.554313813594316
0.945016849760440
0.872354267105625
0.234795200282147
0.983619744881810
0.063141197926896
0.289736268711154
0.253928096151877
0.494371834441261
0.482913936713205
0.717034715096017
0.162007025984119
0.276374910621147
0.849915997055320
0.352176165837877
0.260527677024029
0.455244842197394
0.383466439965864
0.155555307471918
0.817582666788987
0.538688131393254
0.989384643728558
0.864047522127650
0.599386391509039
0.247119250356741
0.180917271497155
0.388751357509173
0.223625714994793
0.028881793389507
0.146441183586810
0.630942772436395
0.583195607449485
0.091458032881589
0.503297039076359
0.817990807731632
0.075077777763399
0.566438237003255
0.107727076442785
0.329005873915276
0.060810070978855
0.590641013155990
0.046040589011293
0.222817097428635
0.867015923777137
0.895956586066613
0.574993263266512
0.127543600801166
0.351201427798346
0.958459703232376
0.283098908273084
0.168784094121672
0.497147834159968
0.272483551535981
0.032831615783661
0.096534225669007
0.519602801892721
0.213748887280817
0.485285583178180
0.743228517353175
0.242630680670324
0.631726766764990
0.374171289323909
0.825826288119809
0.723184799646579
0.877468328400267
0.643817095851441
0.798262577409978
0.443906564937861
0.751544172294226
0.127268451325255
0.504716635916716
0.342185184984554
0.173309040336548
0.727533733345351
0.209201108761691
0.069265625937500
0.302526996146202
0.336744709562857
0.420467053735846
0.260986698912916
0.619843617835941
0.589251147857518
0.758134533538546
0.892327169837582
0.622082763641180
0.854668759207553
0.411929971264643
0.835831650921997
0.339954341920071
0.155158488152157
0.078462331126659
0.971681108685062
0.529329777476066
0.904288619712129
0.694865907865980
0.406798105410672
0.548105715097909
0.493128485275958
0.850704670348533
0.299649886926473
0.620396936601213
0.355421306265249
0.641835071911027
0.793705976937761
0.082955039144938
0.851036180672718
0.862971602875260
0.385482035756801
0.187780889769914
0.283438656145445
0.646468734669717
0.807624508071516
0.872689804002964
0.404603267742602
0.699951677443437
0.494772567178482
0.259272026484493
0.111881648242418
0.330604217634818
0.599226368404565
0.267040136860237
0.409066548761477
0.570907476623965
0.796369914336302
0.313355168007945
0.265773384489945
0.203168019746974
0.861460883105854
0.758901869765903
0.053872689629846
0.161110769566666
0.379298805901454
0.409293995895094
0.802945841943354
0.173004782373554
0.492249035505694
0.653982022150411
0.035976384783153
0.877731071262495
0.841762912385987
0.319415040928598
0.524199805466551
0.649387419991841
0.192104844465901
0.928803073674814
0.349339096969617
0.686877411644383
0.188075099693646
0.461220745212036
0.017481628813539
0.787301468563872
0.728260882072272
0.426548177575016
0.358208944722176
0.524630796408574
0.739903346048623
0.623982329212121
0.727798816155549
0.601364228688816
0.382884198512362
0.781671505785394
0.762474998721143
0.762183004413817
0.190965501680488
0.565420840198836
0.935187786787370
0.683214537186182
0.219402861883586
0.971164171570523
0.560945607983016
0.061165773803911
0.290579212033460
0.085145412983906
0.710553193795752
0.482684056499360
0.013948486193059
0.059892290299708
0.169561467678082
0.202023586352367
0.521113035977405
0.187043096491621
0.989325054916239
0.249373917584016
0.613591274532299
0.347533999172754
0.774004713992590
0.353494620115261
0.971516328850536
0.501803529682478
0.954858848804077
0.354400526897237
0.283475035467872
0.717333847059558
0.116583531311054
0.474440537148360
0.282754686792733
0.051771317632762
0.157655073868881
0.502157549141980
0.022935489203285
0.718600681851898
0.563323322945891
0.313514701236745
0.803746094835804
0.273876516741643
0.796198758201766
0.817694581494524
0.333768807041351
0.965760225879848
0.019718167381230
0.854881843018756
0.152803322371469
0.009043221831808
0.104255760602772
0.766394596903769
0.356577221004561
0.878260474595362
0.119889216553368
0.328093549389436
0.380064004277840
0.074748064891784
0.682494076752334
0.663539039745712
0.792081912417003
0.799077608063387
0.137979576428411
0.074836598744074
0.850848925696150
0.295634650297293
0.576994147886054
0.873784414899435
0.014235331683529
0.140317470831944
0.187299116136180
0.817981426519333
0.414193987573587
0.983497874337946
0.635676007548196
0.747962794614938
0.949258099752133
0.655394174929426
0.602844637633695
0.102061421657941
0.664437396761234
0.707100398236467
0.868456018561710
0.021014617765795
0.585360872366168
0.988345235115078
0.349108167155231
0.965424876644008
0.063093300006861
0.031602243441903
0.628963915924059
0.855175212423864
0.830679851505291
0.766943492352471
0.930011811167939
0.681528777201441
0.062578142184102
0.507005959053992
0.555313191635214
0.076813473867631
0.647323429885937
0.742612307771394
0.894794900852626
0.061517416993863
0.726110181643679
0.530470907935161
0.809480211608801
0.675368281395812
0.185865082864587
0.412324848776835
0.777429703053753
0.850302479625820
0.119425246547640
0.645885721615462
0.871317097391615
0.704786119379469
0.634230956264879
0.220425264546846
0.670210995557816
0.697324256271741
0.252027507988749
0.299174911481875
0.552499468229944
0.082707359494039
0.066118403368685
0.482511279397882
0.764236136695480
0.128696546018448
0.989517238451874
0.319549327865033
0.205510019886079
0.636840667872150
0.062161635636427
0.100304920273044
0.698358084866012
0.788271817280106
0.630775828673866
0.507838296009152
0.463640098210257
0.816640911538452
0.920163145251648
0.241069801264009
0.666943390698611
0.039588391333627
0.886955522879472
0.538260488090227
0.744374510713096
0.521186478678690
0.758685752637072
0.414585506270912
0.218510734950430
0.010713260160160
0.713760417752788
0.771010203180374
0.093420619654199
0.779878821121472
0.253521482112595
0.857656756349679
0.908575367139920
0.243038720098808
0.177206084214713
0.114085387026000
0.879879387970958
0.239367719851140
0.214390307299043
0.578237472371309
0.027639536665585
0.845166135972909
0.086075768380461
0.491279635341503
0.661807047045700
0.006238913166448
0.732349436605512
0.328750437744311
0.045827304500075
0.619304959019322
0.867010925834538
0.790201815678832
0.140491437232351
0.625696678005949
0.204787321484083
0.359002172182781
0.636409938166109
0.918547739236871
0.130012375363155
0.729830558285970
0.698426559892682
0.383533857475749
0.587487314169988
0.607001927032602
0.626572578040218
0.764693398384700
0.721087314058601
0.506451965545515
0.004061117770179
0.935477621357645
0.084689437916823
0.031700654901425
0.780643757330553
0.170765206297285
0.522980290242927
0.442450803910592
0.177004119463733
0.255329726382778
0.771201241654903
0.222831423963807
0.874634685402100
0.638212167023780
0.013033239176978
0.015126122168790
0.263908844564068
0.217820560661061
0.374128294817232
0.900318783195838
0.136368299432270
0.504140670180386
0.630149341016146
0.834794859790613
0.887674527656135
0.217636654720472
0.441796786357554
0.514247105230692
0.982330053570834
0.162884099950494
0.020699070776207
0.986391171341013
0.098361720842478
0.105388508693030
0.018091825776776
0.879005478173031
0.276153714990315
0.541072116019704
0.321456282083623
0.453157834454047
0.796401842402481
0.092657523272865
0.675989258417855
0.671036527338920
0.730869690762306
0.689022498060494
0.686162649973371
0.994778535326374
0.906843058721555
0.060290944324942
0.895097318056550
0.043211358153825
0.564431614505328
0.525246658607035
0.878006217944439
0.452106141695802
0.742883313793169
0.319803003836331
0.966353247392156
0.725213366898342
0.482687103786826
0.987052318168363
0.711604537773693
0.581048824629303
0.092440826395732
0.729696364016131
0.460054302802335
0.368594541386047
0.270768479570173
0.781510584885958
0.821752375840094
0.067170321972654
0.874168108158823
0.497741633792287
0.738206849311575
0.605037798455468
0.186764131387120
0.424369498819285
0.599816333781842
0.093607190108675
0.484660443144227
0.494913651372732
0.136818548262500
0.049092057183893
0.020160309979767
0.014824765741278
0.501198199345357
0.763043623772936
0.334627769577609
0.467551446271851
0.488256990205616
0.817314873364435
0.454603763974553
0.199861527513648
0.398363697528077
0.547044590370285
0.929557891529779
0.858418000330412
0.915639131756331
0.200326371099952
0.639928584750708
0.737391507130764
0.267496693072606
0.514096692909532
0.235133140457390
0.005703541918520
0.119134490899339
0.421897272310172
0.430073041203466
0.718950824681181
0.515504462418847
0.914733484347692
0.213864476053912
0.652323010681347
0.963825541997247
0.234024786033679
0.667147776422625
0.465023740876943
0.997068409806615
0.001775545534573
0.932575187148794
0.485325399546570
0.819090418899008
0.387178950657686
0.685186927060218
0.217454115961424
0.934223541027970
0.614744818589997
0.075872116291836
0.849862672318640
0.815071189689949
0.715800701042544
0.587254178983743
0.082567882296894
0.229897393486415
0.822387319441134
0.088271424215413
0.349031884851415
0.244284591285644
0.518344465418879
0.067982709066934
0.759789053704491
0.433077949766572
0.281847185120847
0.412112063920178
0.396903491298157
0.515871971154526
0.079259839877142
0.861927232175100
0.512940380495480
0.081035385411715
0.794502418858233
0.998265780042049
0.900125804310723
0.181681369050258
0.683452707102267
0.117579920272147
0.115904909612567
0.298197525226603
0.193452036563983
0.965767581931207
0.113268714450891
0.909252737606528
0.553021760449289
0.195836596747784
0.139150131092942
0.375409079424762
0.284108020963198
0.488182015944357
0.619693671176067
0.802452486847738
0.556164725011291
0.379482724414897
0.235530436148648
0.838011910597799
0.791594788800736
0.632433927446806
0.353883881286664
0.870854628677878
0.494361159156245
0.866824262247805
0.951890014555254
0.288863577548817
0.865090041824193
0.852015818400316
0.470544946599074
0.548542748460799
0.969595738672463
0.586449856211641
0.846740273687402
0.163047774770785
0.552217437677187
0.960008988138292
0.072300512377313
0.105239197660815
0.155845584420415
0.211450643470255
0.480648277085576
0.439953605849274
0.699632659414612
0.100341947795982
0.242406092231351
0.255797383960242
0.479824672676541
0.477936528379999
0.093809294092380
0.271419461011616
0.110370455361144
0.447693175844705
0.142274089223833
0.604731614517389
0.314517437626849
0.094164103313426
0.893595192066205
0.179607478985380
0.946179922179403
0.364140138199618
0.728150227911840
0.915775660386205
0.950589994411259
0.574890501133581
0.078823435156990
0.502807431622784
0.534899489271873
0.151123947534302
0.608046629283599
0.690745073692289
0.362574591004557
0.088694905903514
0.130698679075902
0.062207249953508
0.189036854165158
0.373104771307253
0.318004633913750
0.668861526841699
0.851041299687252
0.411813928471792
0.940280987853315
0.961411755048396
0.859507104316497
0.082555076611487
0.566143369100123
0.174024541477684
0.176719180390574
0.459738560700667
0.353632020463064
0.122899102104315
0.823878698900286
0.081782247909243
0.038674762024858
0.774468692845883
0.656672749508486
0.117498197181848
0.277276124003006
0.191572238314698
0.268622144716150
0.885322753286605
0.882317312006986
0.631196735720707
0.974017659655780
0.013015991082888
0.693403985674215
0.163054513355277
0.386120762390141
0.011408619587966
0.831916040196976
0.237162062077393
0.423222548059757
0.772197027584630
0.198573816660128
0.282729651910593
0.854752104196116
0.764717186225912
0.456754193388277
0.031471284121029
0.224455746460918
0.810386213851341
0.154370386225344
0.048334445361204
0.892168462226246
0.193045148715864
0.822803138207087
0.548841211269070
0.310543345897711
0.100079262210093
0.740413449583768
0.579165491079523
0.985402015496698
0.622730761125093
0.210362226334569
0.959419674686817
0.635746752207981
0.903766212474446
0.122474187576433
0.021867514598122
0.915174832062411
0.954390227773409
0.259029576675515
0.338397379656507
0.726587254892377
0.457603393335642
0.621127031567100
0.581339359088493
0.222320579095893
0.077881224489716
0.612810643209522
0.446776326022472
0.888267438341057
0.767181029900527
0.495110771383676
0.780435900101641
0.960226178616391
0.317913909125102
0.329277110905050
0.270769524048441
0.417993171335195
0.069690560023156
0.849935015127964
0.403395186831893
0.692421321613910
