4000
0.983059694516966
0.540009933775295
0.433759519566670
0.961815049388360
0.385419841103917
0.293896484791253
0.778972511076821
0.789629171504466
0.493243998146264
0.892326993351955
0.603850107921218
0.303912512633909
0.265241473571044
0.315863449739229
0.946610193209075
0.134952375728149
0.856446239564776
0.850649820571137
0.790859478428429
0.197265314030119
0.078108650668575
0.310779786813436
0.181509765880885
0.424798418965562
0.736727831762623
0.457397282336558
0.832137883096998
0.994457119607579
0.794821190086576
0.425225113716547
0.568779519558316
0.777880884137880
0.965235047491842
0.002539038659324
0.739695933060579
0.350654888130098
0.296435523450577
0.518668443671739
0.140284059168903
0.789679521596841
0.410995436558032
0.744134167090121
0.093592034230750
0.676236910129076
0.059997616363688
0.040202226974164
0.811189286322887
0.916443855928464
0.890852047545301
0.602048764285654
0.113709169958583
0.968960698213876
0.912828551564751
0.295218935839468
0.393759116713777
0.649556382861713
0.752616218176026
0.225896999345113
0.644013502003631
0.547437407796941
0.651122113061660
0.212793021096286
0.325318291469160
0.616357160087841
0.215332060221272
0.065014224064077
0.967012048217939
0.511767583671849
0.583682668201478
0.107296106921181
0.301447105268690
0.994678104759510
0.851430274476963
0.395039139499440
0.670915014888586
0.911427890840651
0.435241366473605
0.482104300745811
0.827871746769115
0.326093413553244
0.084153064565804
0.941580916727698
0.295054111301458
0.996981616130556
0.236799852101505
0.688813228015235
0.646537998526608
0.989416070277531
0.914710227360348
0.290551500530239
0.536853477608810
0.565832340422008
0.503344521626525
0.862171769077970
0.182189500044188
0.718676581847796
0.927185993142047
0.149201548262127
0.230444165519646
0.510868660877863
0.256497655183309
0.531891270788336
0.505546765637373
0.107927929194611
0.926930410287776
0.176461780060298
0.019355820035262
0.362171776295720
0.658566080806109
0.847227566804377
0.688265189848964
0.742719145371914
0.788808483066414
0.983319301150422
0.739700761502469
0.025608334702257
0.672132528699996
0.386238759563416
0.015024404514127
0.586842755594683
0.676790260093655
0.551877882122937
0.152675095551030
0.180134781720179
0.414049650735245
0.334864596060880
0.898811363567976
0.341235643411631
0.484066144323007
0.129255528621960
0.852104304755155
0.740563799506316
0.661146799410296
0.357651069926867
0.848491729166588
0.588077209232411
0.534112849987165
0.867847549201850
0.950248985528131
0.192678930327612
0.715075115540565
0.638514174911433
0.935398075699526
0.503883598141318
0.621833475596194
0.675098836736334
0.529491932843575
0.293966003830529
0.061337596299750
0.544516337357702
0.880808759890873
0.738127856393404
0.096394219014977
0.033483854976242
0.918262638113584
0.510443869750222
0.368348451037122
0.817074001681560
0.851679513161853
0.852414595360129
0.946329530303520
0.703783817451347
0.592978394866445
0.607476329713816
0.061434886912552
0.441470123567372
0.195553538480566
0.595547736899717
0.309317672303560
0.145802524008696
0.788226667227329
0.024392787378464
0.784316698920129
0.723624742926855
0.528276385519782
0.406150174516323
0.398723579197528
0.057768317897696
0.700116178346852
0.460061175497277
0.602284655255398
0.580924937772064
0.198189031890681
0.698678874270375
0.614408793213968
0.116451669538604
0.209122743554936
0.982757244251090
0.933525671220164
0.060802256251128
0.835171839611219
0.879855201523684
0.764586074168135
0.428150234012003
0.487331530771838
0.826020961080688
0.869620357579375
0.682885069252404
0.421568697980404
0.178938029417274
0.828687593261100
0.209795364742072
0.203330816795738
0.613004292181229
0.933420107668927
0.731607202315520
0.019154466231891
0.332143686866455
0.789375520213216
0.719270644578743
0.792204862363732
0.391660175002953
0.300195582350807
0.990393894254413
0.090339048807667
0.914604375564775
0.106845563793017
0.299461792362603
0.897361619350203
0.040371234547520
0.360264048613731
0.732533458495761
0.920226436071203
0.124850122316205
0.160683692042103
0.407557966377380
0.950871083862554
0.030304049155816
0.090443035629784
0.372439781377297
0.209242078573090
0.919130628890884
0.582235146119369
0.412572895368828
0.532134920606453
0.515655253788296
0.144180097218687
0.551289386838344
0.847798940654750
0.933555617431903
0.270560031417087
0.640003802552821
0.325215791969195
0.570755613767894
0.630397696807234
0.415554840776862
0.485359988867007
0.737243260600252
0.715016633139465
0.382721607751549
0.777614495147771
0.075280681753196
0.115255066247310
0.697840931218975
0.200130804069401
0.275938758289413
0.105398897130694
0.151001887466294
0.306242807910891
0.195841932760478
0.523441668843590
0.515484886483981
0.114972561651362
0.105676814962959
0.928057782318470
0.647107482257815
0.621332068751255
0.072237879071495
0.198396869096158
0.469131008940344
0.005793496503399
0.468956900513245
0.109134811027504
0.331009288472593
0.039712513815478
0.739532507834738
0.746564129715117
0.525072502682485
0.476775767969329
0.461580762388921
0.907794110434034
0.254390263117100
0.536861444142117
0.023049176215683
0.952231194336075
0.736992248677179
0.298987934970757
0.057630091001107
0.887994136143473
0.605230742881648
0.253472024227247
0.411435804987064
0.120715628899967
0.368444585878609
0.517112619950023
0.048773410752776
0.015552067670763
0.138444688235617
0.121011290289933
0.213948936766921
0.607575697175961
0.126804786793331
0.682905837280166
0.716710508203465
0.457814075265924
0.722618351095644
0.456243016038203
0.204378204515380
0.247690853312468
0.933018784007532
0.665958967369962
0.155484963746502
0.187409046658971
0.202820411046418
0.178534139962184
0.139640240529385
0.939812659723597
0.477522074932941
0.197270331996153
0.827806795867070
0.082752817348928
0.450742356223400
0.239242600388472
0.203468446714556
0.819186942102009
0.756355220338495
0.252241857467332
0.834739009772771
0.894799908574112
0.373253147757264
0.048687946539693
0.502375605284411
0.500057934550595
0.731593783819859
0.219086113022215
0.957872010282181
0.454212134915503
0.675329129060418
0.162250214331900
0.701902988227970
0.608347913067950
0.828209181701862
0.857387951974472
0.795756959726921
0.031029592748279
0.035922091936656
0.935397200721967
0.970842252471876
0.513444166869598
0.132667532252459
0.798649047873285
0.596196984684186
0.583409888475859
0.037891647796096
0.799665431398743
0.402596830112206
0.794246868134591
0.051907288400413
0.237335839419316
0.689046776243042
0.425160436623339
0.286023785959009
0.191422381061792
0.925218371173934
0.017617569778868
0.410508494549668
0.883090380990454
0.471829704694371
0.085837623144424
0.045340595322354
0.173732692456680
0.694185536212374
0.873549777024216
0.031120644431152
0.489942495939295
0.904579369772495
0.067042736367808
0.425339696195600
0.875421622244372
0.580486903237406
0.558007228448059
0.674070669651996
0.176683887455931
0.141417116458256
0.711962317913753
0.976349318854673
0.544013946570463
0.506209185582683
0.028256607255087
0.781349785989779
0.195255961825725
0.453417043878425
0.067373571948788
0.386678342887516
0.378635414586698
0.084991141727656
0.797186837437184
0.261725795577153
0.556820846422026
0.883024461047270
0.307066390899507
0.730553538878706
0.577209996793983
0.180616167458061
0.761674183309858
0.067152492267616
0.085195537230557
0.828716919677666
0.492492188463217
0.960617159474928
0.409203822915072
0.050499416445614
0.634687828661263
0.585887710371002
0.191916532903871
0.346650146109355
0.562237029225676
0.735930479474333
0.852859332157699
0.590493636480762
0.517280265464112
0.048115293517762
0.043910679893527
0.584653837412900
0.434793636405279
0.422546094480225
0.669644979140556
0.231980473842463
0.684271890057377
0.226465825096921
0.115004934424071
0.991338280956884
0.957019363975627
0.692214931218054
0.171954448414945
0.718693547285485
0.759367423951331
0.257149985645502
0.547410466497489
0.251859611948887
0.217767144654769
0.956614289412561
0.302359028860162
0.852454973316032
0.542501999783563
0.494275561764033
0.199105119425387
0.104739028543578
0.230206041238367
0.051964451117425
0.695232665024340
0.747486306702479
0.100079744635187
0.739143344917867
0.332140143649718
0.534873381040466
0.161689438932431
0.001785122324613
0.766853854882928
0.845961329455469
0.228250947421533
0.881858789307000
0.837299609946692
0.185270310931499
0.574073720525053
0.009254057895976
0.903963858216984
0.333441144010723
0.266404043541478
0.451374324714474
0.585300755959610
0.484171188196247
0.407988613661373
0.887659784819772
0.336626161512279
0.950490613444937
0.381935346583806
0.535731280937666
0.055229641522853
0.612141387822172
0.587695732055090
0.750462306547194
0.359627694058990
0.687775476690277
0.489605650999400
0.691767837708708
0.222648857265082
0.651295090397492
0.693552960033320
0.989502712613671
0.497256419387300
0.921803907454854
0.871361501455010
0.334556028868331
0.107074217920692
0.445435221514402
0.343810087229968
0.011038076137676
0.778876365525125
0.610214130771446
0.462412400852150
0.364177121484735
0.094385318967693
0.870401014513523
0.251836905838846
0.431011480479972
0.820891627958460
0.633772252422651
0.966742761417638
0.876121269481313
0.245913639779162
0.554438493007067
0.626583576028507
0.605541333838152
0.242213969231683
0.116189226562245
0.297309171081199
0.464862826496764
0.767484316959737
0.990862131114519
0.454365538644775
0.264740735881375
0.912666038103712
0.325727040099784
0.599296765215367
0.019740256024404
0.771162261614186
0.943106852445336
0.030778332162080
0.550038627139311
0.553320982751120
0.493190733014229
0.914215748624045
0.647706301718813
0.363591747062091
0.166052653997230
0.078717781733124
0.184483374554889
0.799824906885542
0.045460542685101
0.060604644036202
0.045738546199044
0.599899035692168
0.687188220064709
0.651279880502857
0.842113004923851
0.803377446626954
0.948589051584056
0.306975831420615
0.570861763586691
0.939451182698575
0.761341370065390
0.835602499468067
0.852117220336626
0.087068409699513
0.434899264217773
0.871857476361030
0.858230671779360
0.378006116197447
0.902635808523109
0.408269298453009
0.931327099414229
0.395826541071677
0.322485046611393
0.579033400667381
0.759418288599429
0.488537700608623
0.657751182866167
0.943901663154318
0.288362607028504
0.703211725551268
0.004506306724859
0.334101153693209
0.303110761243436
0.691694526789568
0.985381034196066
0.145223765701625
0.495071973416522
0.933970085314461
0.452199597122241
0.065933736537552
0.873421267547375
0.213540967187630
0.901536236005619
0.725538487884001
0.300609376887143
0.336435500223392
0.597395963779369
0.158840048200842
0.714441616420840
0.500031772302478
0.567109346653851
0.645768715369407
0.895858313374155
0.889594393265245
0.224802116036789
0.655276601507923
0.378132093873868
0.882553298902956
0.599178264662241
0.666494700902372
0.585765023988562
0.603684571387099
0.000595854129920
0.888875785231998
0.295379098176667
0.985976888325986
0.034099550933623
0.790451071593189
0.919946973640447
0.486299148055864
0.856384808130741
0.793368240722161
0.699840115243495
0.757921043670699
0.518906728140501
0.000449492130638
0.094356543428431
0.116302691919870
0.159289540331480
0.808798160314932
0.616334464222348
0.726398887450993
0.454566875218678
0.512192777130843
0.615993280250576
0.679368991255466
0.167469378638765
0.994125374124444
0.561922289692761
0.766647643301006
0.660620075026816
0.147687313681323
0.370332214222444
0.661215929156736
0.036563098447660
0.665711312399111
0.647192817482721
0.070662649381283
0.456162383526639
0.567139790657507
0.556961797902808
0.312547191191719
0.360508030914007
0.256801912680642
0.070468234862419
0.879414759520169
0.257251404811280
0.164824778290850
0.995717451440039
0.416540945608421
0.973622938605781
0.612051915196726
0.142939832593752
0.428189813824459
0.124244691861907
0.758933112844328
0.107558804614264
0.291714070500673
0.753058486968772
0.669481094772686
0.058361713336018
0.413678561529926
0.817168408454009
0.428693928024123
0.074894490221001
0.853731506901668
0.094405239957573
0.722087307703722
0.924394156748612
0.550567623949874
0.289227097895568
0.481355954185760
0.863114815141593
0.649735129275236
0.738157866866401
0.933583050004012
0.529149888329743
0.995409272143342
0.098407828294862
0.524867339304121
0.411950217286102
0.072030766434982
0.136919254035186
0.554890049879854
0.500220580259441
0.261163945897093
0.313823162258520
0.607779385339366
0.552878016863427
0.066881648761631
0.277260479646391
0.611239730199445
0.480560210291557
0.094428887634738
0.039933657757907
0.555454700978219
0.948160394536406
0.134338898181142
0.277542008216280
0.872554550819357
0.684906522131016
0.566769106577509
0.353910504539455
0.548021336806948
0.216504235387083
0.092068371405857
0.481604386810960
0.745654123716827
0.087477643083538
0.580012215105822
0.270521462555286
0.499427860369639
0.652042981540804
0.407440716590472
0.054317909783832
0.152263561800245
0.668604662487565
0.368141072042352
0.760042947139611
0.221482678885331
0.435022721269644
0.037303426320340
0.832722409550437
0.915582931561201
0.131732313955078
0.872656067308344
0.471037632073759
0.079892708025823
0.006994965023824
0.748579640755700
0.952447259310841
0.691901487154840
0.315348746867547
0.306357763384635
0.239922823961788
0.531852982254630
0.398426134790492
0.721527210772749
0.277507105505796
0.485903777874030
0.301539425412910
0.548028568061082
0.985331638243669
0.953582406953714
0.955469284651554
0.039649547561840
0.105845968288298
0.624073946673458
0.407790620069853
0.865888915427909
0.845556626024450
0.842813341339497
0.903192341748249
0.678279035109225
0.758396272435038
0.034924655237666
0.550935101951908
0.229433904508796
0.114817363729150
0.557930067441394
0.978013545264496
0.067264622574330
0.249831554130573
0.293362291666382
0.373622385958965
0.489754378092361
0.825215273921013
0.772048521215119
0.211281588399448
0.102722378961147
0.257952298623488
0.512821013812358
0.650750947022229
0.243283936867157
0.466403420766072
0.606220231208122
0.282933484428997
0.572249389054370
0.230294177415918
0.690724104498850
0.438138304482279
0.075850802974706
0.533537445372686
0.341330645764866
0.754129838083931
0.291933717807724
0.376255301468193
0.305064940035839
0.521367622316520
0.491072665197343
0.862995007477233
0.499381167115355
0.558337287771673
0.112826561142144
0.792743458781738
0.931959673730638
0.602580939700166
0.617958732237089
0.704008194480095
0.813862528099614
0.720681111198236
0.961960493569244
0.326683541911972
0.371432057754803
0.205244429970740
0.793086962678045
0.977652288962925
0.488177914399737
0.365336351266753
0.207946465913181
0.178902018898587
0.803474655749032
0.283797269353549
0.712439464271273
0.144805301513898
0.037927106971819
0.004373181613336
0.521060602982091
0.342992047007658
0.525740803929856
0.012133267713773
0.205987054019229
0.025121970579551
0.570470555485445
0.318813615627034
0.817865429361288
0.502430228750422
0.921394555327201
0.435824161132716
0.206438423230517
0.735257082961154
0.156505271865290
0.168398916334100
0.061940624407465
0.527937329620094
0.373643346304839
0.855027587085510
0.505589618117357
0.861821260704576
0.220363938352263
0.713536084496200
0.040723279137501
0.023838593635633
0.997333353849749
0.753162743874436
0.168643895149531
0.035260460355906
0.757535925487772
0.689704498131622
0.378252507829225
0.283276729417628
0.701837765845395
0.584239561848454
0.308398699997179
0.272308320865179
0.903053177475488
0.126264129358467
0.774738550081262
0.824447732337028
0.562088290491182
0.981176973311779
0.559704815298181
0.718593562822134
0.149575889180217
0.621645439705646
0.246530891976566
0.523219235485056
0.476673026791156
0.752120510559585
0.385040495723970
0.697036965143418
0.465656594590124
0.425763775327133
0.720875558779051
0.462989947974212
0.178926518735907
0.889519454394243
0.498250408330118
0.936462444223679
0.579223952060204
0.876502916159343
0.219739173175646
0.281061717905599
0.460742478007796
0.528137873638486
0.553370038770777
0.363795655017624
0.654402002996952
0.328108588386378
0.188243387354651
0.216490293022473
0.309285561232495
0.747948202652833
0.935083855844608
0.458861450412712
0.369593641892818
0.181614747821174
0.982080685897768
0.846266668683973
0.933735258380759
0.367121181621738
0.543303633361731
0.399391852505222
0.792884956948871
0.264179192140782
0.862381800479433
0.971811475684779
0.153698646069364
0.360632208343890
0.908273919442796
0.732922598129568
0.237135124503232
0.128013092618442
0.013984315569505
0.697877602511029
0.656150966256927
0.567354354805944
0.061673257062991
0.310552968788218
0.895462943192321
0.249916644417642
0.527043261810692
0.204748504424816
0.997864847070475
0.462127117655299
0.663609954837528
0.367458488963292
0.643741865476473
0.645690640735296
0.213725157181604
0.577477123391571
0.012811821891373
0.757028791008996
0.976868975896793
0.805696778840244
0.021207982684117
0.839250775910565
0.777508254059361
0.174906628753481
0.199882983788793
0.685782173036496
0.907829226883049
0.437018108292026
0.813795265654938
0.921813542918215
0.134895710337393
0.469946231446204
0.489167897258498
0.196568967866045
0.780499200234422
0.384630839985158
0.446485612283687
0.307542462045114
0.589379344409974
0.444350459354162
0.769669579700413
0.252989299247502
0.811808948317454
0.413411444711225
0.898679939982798
0.025534105033397
0.990888568102796
0.911491761874171
0.782562896042393
0.967757543533928
0.717188540248754
0.803770878726510
0.807008318978831
0.494696793842454
0.978677507479991
0.006891302301963
0.180478966413289
0.886506734363039
0.443909411059650
0.994274232533888
0.808320276815593
0.578805121397043
0.464220463514431
0.297488173608430
0.775374089263088
0.244719663748853
0.682119013593588
0.221859701546775
0.552262125793966
0.271498358003562
0.666210160900937
0.321931705028718
0.524487657251064
0.478019108752729
0.735343149739943
0.423167596768200
0.503553213786126
0.726231717377078
0.334659358176710
0.286116109828519
0.693989260445344
0.051847897959802
0.089886988089367
0.500997578958514
0.546544691802256
0.068564495569358
0.507888881260477
0.727023658215545
0.955071229932397
0.951798292320128
0.721297890283772
0.763391506282329
0.530603413717171
0.185518353798202
0.060879679425098
0.305977502514598
0.430238017547055
0.742998693018685
0.527837204061373
0.982500143341022
0.014497050556586
0.194047364496648
0.304431847904079
0.538984707807649
0.672066473249377
0.039774997178360
0.962152304575849
0.175619687035503
0.766006714555438
0.296811662286898
0.461735796864021
0.459995974535121
0.348659560246700
0.551622784953389
0.960993553493635
0.895204252048956
0.620187280522747
0.468882434288451
0.622227910264501
0.575258509989483
0.420680726608578
0.343525800082612
0.338650015806151
0.951284140325749
0.529044153880814
0.399529695231248
0.257261642374686
0.959282171427869
0.142528388249934
0.785098846901720
0.941782314303230
0.157025438806520
0.979146211398368
0.246214161741647
0.696010147079830
0.651212684647745
0.285989158920007
0.658162451190018
0.826832371683248
0.051995873009784
0.954974113942578
0.288568168081608
0.511991847544905
0.303633673723616
0.840190953034996
0.472985400572878
0.198837925772573
0.460378233557743
0.941867835326990
0.821065836037074
0.035636743081564
0.362548561469907
0.164591635654025
0.374286759353376
0.313832701329995
0.693635790000500
0.773816454584625
0.571094343704681
0.652917960962708
0.916344842834559
0.356193190140740
0.594700275265938
0.073370281641078
0.335339401539108
0.840914437007585
0.769380428720908
0.986552086186852
0.126903595927592
0.427542879445265
0.813384457404439
0.178899468937376
0.382516992922182
0.101952625020385
0.690891316947942
0.686150667111459
0.942143578055382
0.163876717055159
0.884988592884032
0.402521811147463
0.105744551916488
0.706054428455445
0.438158554694689
0.468293113386395
0.870646064109470
0.812445314048066
0.782125814716390
0.564281853644309
0.586261768167029
0.353220158421071
0.217199814607017
0.502606611001588
0.709413348561811
0.811900089872954
0.575976892642666
0.044752749635257
0.652814526414878
0.345357320897913
0.031304835356448
0.779718122342470
0.772900200343179
0.844689292760887
0.958617591745508
0.155417193265360
0.946641917781272
0.649508908227789
0.841567860376820
0.888785495836654
0.813385625282948
0.726556452795191
0.291307306518456
0.919130177665097
0.432610880784975
0.729465861213145
0.387423290585830
0.303256944428783
0.541911174795549
0.169549105302221
0.867538798538753
0.128172942962578
0.522769263723292
0.084738612680109
0.630779553964166
0.232182611819442
0.896638702553063
0.206756446141171
0.276935361920360
0.549453228502280
0.552113767039084
0.308240197276808
0.329171350844750
0.325013966916601
0.152929490037695
0.287788942124596
0.480431160181962
0.099571407353306
0.937297850352385
0.321999020093120
0.988356903189959
0.750683475169671
0.048555472422650
0.279664209708415
0.669813652369107
0.481166353207625
0.009130070455899
0.057236942954937
0.784423298102069
0.551041245717109
0.226786048257158
0.651962096175161
0.679214188679687
0.749555311980450
0.736700708855270
0.309993742178191
0.981737923799892
0.633339410942672
0.516750188319362
0.258673285254591
0.182792638979290
0.068863954892784
0.566913482997060
0.511963989824040
0.393877921809385
0.719842973034756
0.799752931948636
0.874309082457008
0.819414380388062
0.737050781835360
0.196308102084467
0.807771283578021
0.487734257005031
0.244863574972778
0.087435492820775
0.157547908908477
0.726029928180403
0.096565563276673
0.214784851863414
0.510453225816811
0.647606808993782
0.441570900120573
0.162415321526311
0.326820997207808
0.191126211635362
0.899116030381581
0.636814739385999
0.172864135435253
0.532455440858591
0.153564927239700
0.431537420689844
0.715248080303542
0.222428882132484
0.998450903686905
0.227212069661921
0.616306804407531
0.718293876255999
0.026965001610557
0.490615886398878
0.537708256644061
0.764015783445917
0.686923988483345
0.345479539756421
0.251750039985287
0.931787563456123
0.432915032577196
0.409297949359425
0.657817491636527
0.529480595853869
0.624082801222840
0.168270716987676
0.177087404847651
0.065653701343412
0.330686038979649
0.503908402055459
0.256779912978774
0.229802068895568
0.140723141441458
0.429644048414027
0.762257510219821
0.294288068681158
0.861181469569533
0.477505590057702
0.516716951279304
0.859632372790776
0.704717659719623
0.133023755221173
0.577926249046776
0.731682661330180
0.623639641620051
0.115634505225175
0.495698444776097
0.310563629637735
0.461114044981596
0.747448484761384
0.242351193093858
0.894029077558792
0.156746433655148
0.900168684730385
0.423509672947000
0.780829235343649
0.068439401252400
0.600597077794651
0.846482936687061
0.399125440232048
0.104505479850110
0.103262849200174
0.628927509593278
0.245228621291569
0.532906898079862
0.391185019347437
0.539516689972727
0.394088367183734
0.868690609405139
0.056233640786369
0.253720739508849
0.573408268659100
0.189257396007542
0.831646988555625
0.305090929989280
0.812897037627593
0.947281493780800
0.800789374765376
0.123460667265328
0.408395538296735
0.548237859061099
0.365811860359186
0.302424615389865
0.704984293181907
0.265980544623910
0.725934288802526
0.485813528059895
0.334419945876310
0.326531366131516
0.332296464281295
0.733545386574019
0.431036845981626
0.435559313481468
0.362472895701636
0.676265467273195
0.968466211561331
0.753657915049073
0.215782157245922
0.362554578279403
0.622348523988551
0.272015798032291
0.616275318253914
0.195756792181990
0.461273194505495
0.447922306343877
0.500847722171269
0.274170231667427
0.395203800124677
0.301637096470984
0.397630898932754
0.803599338421412
0.849874955997744
0.763442759291941
0.106023953811277
0.554859248713990
0.029423303450189
0.831958242613803
0.040672776308224
0.363843249792160
0.158489608279657
0.372969240589519
0.097388635900518
0.589526454726945
0.808528554070987
0.459861531602154
0.265791921534479
0.776994765632318
0.213519446185566
0.481574078780401
0.139549343446060
0.835867970174117
0.753589877278353
0.755824661699973
0.031624761890445
0.214863071318186
0.203746968043850
0.532472484527376
0.489033302985613
0.598950768168527
0.834109580998360
0.886664202384029
0.402550106124277
0.683984536530443
0.650106961210308
0.508574059935554
0.238843784778772
0.679530265126159
0.340532302083695
0.279516561086996
0.043373514452657
0.499021910829014
0.652485801676514
0.140762150353176
0.088548365090298
0.461014355747502
0.600623681955330
0.354340286624776
0.238009120914158
0.814143128140896
0.835914365870838
0.377558464360218
0.650011097849352
0.589504242683530
0.133383126060191
0.681635859739797
0.804367314001716
0.337130094104041
0.214108343801512
0.293400616521668
0.936080862272568
0.048217924799872
0.180064818440035
0.338630967931184
0.732202461330314
0.830171780116005
0.847205028332400
0.971046246574747
0.509702044776502
0.187737329950434
0.250562807196082
0.553075559229160
0.686759240779448
0.903048609338258
0.693837709582335
0.775307605869746
0.364062964620098
0.294461391072004
0.129647892494522
0.602072085534256
0.108604518747239
0.965562258365360
0.979630549894474
0.758615616596591
0.555066500583229
0.113013675489004
0.440251475870726
0.359433814119284
0.450143769593045
0.654359820137899
0.652834430640952
0.386224631399952
0.702577744937771
0.832899249546649
0.724855599796798
0.434780205802424
0.663071029196992
0.572060627663536
0.405826451911510
0.172773073507833
0.759797957613970
0.656389259573253
0.725848632736992
0.446557198393418
0.559437868445850
0.419686341853666
0.221864803797502
0.923500833065948
0.714147732925670
0.351512696292024
0.525572918134543
0.822752251672909
0.317074954191723
0.505203467563355
0.581367867803838
0.872141454774952
0.618217143518020
0.021619343208903
0.231575268428575
0.068360912645404
0.675979163346802
0.884409699535188
0.454585544511017
0.378556907818912
0.717308948616175
0.179441143842154
0.813337114086997
0.380379977347506
0.751501771505690
0.219163565532846
0.553153050855339
0.511299728653999
0.875552825106100
0.279001683126670
0.957856927047417
0.434990693086288
0.698688024980336
0.179721730844919
0.358491525686575
0.412835757440345
0.531234427136944
0.884064443821117
0.235588008647593
0.848309381794328
0.389267911384473
0.816955876451431
0.720450836103619
0.007485054436831
0.838575219660334
0.952026104997856
0.075845967082235
0.514554383007136
0.836435804067382
0.530431511593252
0.893111290826048
0.553744752217897
0.709872655435406
0.706448404447384
0.934124729565403
0.461374426475435
0.925611970445892
0.487277779955081
0.972674155595095
0.801164795086330
0.766279463081751
0.930531082176851
0.236155488172618
0.464967487596426
0.110252812556109
0.594647013859193
0.877803245036771
0.641487240158714
0.478711457680311
0.113391253218703
0.489796621487381
0.867979369064783
0.930347129670133
0.210247457125339
0.875464423501615
0.768922348864806
0.162273561657534
0.951310390583850
0.283476731406281
0.998709365724916
0.481741902177102
0.176588022232329
0.552454117477152
0.191614557146847
0.883036426679714
0.486578846576893
0.652988984087943
0.808648396659944
0.973856626531974
0.625663139217376
0.609813191746275
0.740136089148063
0.556194220928566
0.845968679918893
0.205103576278828
0.666447033950336
0.440615693312425
0.082906820849938
0.307934273643389
0.919327150992736
0.196298074068640
0.797730895130770
0.787306519591858
0.126645203273113
0.007978351790448
0.662770942627811
0.895567552603580
0.170251913913643
0.614081333211661
0.179044283544200
0.168961279172898
0.095823234923102
0.355632305776529
0.721415397115711
0.287437792069948
0.238668732456243
0.207994243226943
0.940426776157891
0.047317128650526
0.181850869758916
0.566089914909606
0.657130320396801
0.921986958906980
0.122284135838172
0.503098999850032
0.127090535185808
0.788731169788507
0.943714693628119
0.209997356035745
0.096665442966235
0.863041844155193
0.406295430570047
0.894396338097004
0.650348363747051
0.532940633843160
0.902374689887452
0.313119305909201
0.428508185981078
0.072626603335434
0.927200639120862
0.607552469990939
0.241587882973993
0.023023873578303
0.963184775767468
0.963003280089704
0.310461666113912
0.201853507758050
0.170997522850985
0.250888441806142
0.249170636874237
0.352848392609902
0.816978357181409
0.906300957271038
0.274835351516882
0.939262493019580
0.409399957121070
0.401925886702689
0.727993662342426
0.353114650283528
0.611923242738435
0.824659105308661
0.216156493973060
0.018218672842820
0.719055442940004
0.866504857720111
0.551159307151641
0.621430132361795
0.179624163629312
0.979667493132720
0.694056736162890
0.106824802284513
0.587219962657997
0.935644619136883
0.129848676328477
0.550404738425466
0.898647898760926
0.440310342442389
0.752258246183516
0.069645421146250
0.691198784248530
0.001428882592092
0.422493814221813
0.508177140964278
0.907729840328791
0.697329165738695
0.447439633518196
0.317129796984200
0.099255051975723
0.175433295394961
0.670244447267728
0.711178294714158
0.000092400237961
0.886400941240788
0.729396968022639
0.719147843177965
0.752905798960899
0.280556274708619
0.340577975539760
0.932529962590211
0.260223767375678
0.034634711236989
0.039354764409063
0.847443730499336
0.970279330373872
0.169203440737540
0.397848468459141
0.868927228669136
0.609513783179928
0.150106714176995
0.938572649815386
0.300712567428459
0.151535597234748
0.361066463571538
0.808889708392736
0.059265437097878
0.058395628844572
0.256329341910933
0.376395234082078
0.157650680820295
0.431762637305894
0.046639680884145
0.868828976000114
0.431855038009516
0.933040622124933
0.598225943557092
0.151002880721820
0.685946420620171
0.878782218265711
0.491580856261580
0.618476382744720
0.139005985175728
0.526215567498568
0.657831147619445
0.986449715675064
0.496494897406779
0.827034588356984
0.384298183668544
0.365422125610254
0.436548371536913
0.534404898311200
0.303994775425640
0.737260938965371
0.685940495545948
0.665061238997179
0.546150646892446
0.745205932643826
0.723456868307412
0.802479988803379
0.121601166260243
0.881107549127707
0.234242626109273
0.168240847144388
0.749936524662160
0.666097664118790
0.101281468803660
0.348162467753590
0.817100544840610
0.787227889889492
0.226944685553640
0.308681401102190
0.405704272168551
0.365950671195030
0.834896968600758
0.063535419322334
0.352400386404433
0.331391866007537
0.890570008144979
0.736698570538638
0.696813991617790
0.327118379216231
0.271103468384176
0.000808766577769
0.064379317715941
0.957043963930124
0.665870006040609
0.610529964608387
0.702249896108289
0.389326873882360
0.413009953411766
0.823851062368532
0.270434422544406
0.647252579521040
0.992091909512920
0.020370947206566
0.313350243174168
0.093373377850919
0.368533414960156
0.130450787549117
0.880601267740410
0.595478100979458
0.439132188651307
0.286305539908961
0.961428772174487
0.274029157252065
0.349840959231295
0.313829158113259
0.605421023259601
0.240410966910613
0.050527728186235
0.302235014411730
0.567529346126844
0.321631196570411
0.303043781455161
0.631908663842785
0.278675160034874
0.968913787495770
0.242438628451172
0.980925056143163
0.358240660912469
0.655448581862938
0.804776118046034
0.628675083456875
0.302701160918316
0.796868027093293
0.649046030663441
0.616051404092485
0.890241405409873
0.017579445623597
0.746502191641602
0.770842672684622
0.613057546603055
0.185634380292908
0.057148212127922
0.574486318311880
0.459663537544973
0.406989171824879
0.888315476425139
0.065084560338913
0.647400138735492
0.938843205077035
0.367319574750643
0.214929484862336
0.260474401181785
0.670363356205804
0.846838148705120
0.539149561682320
0.639277143235913
0.089276776690631
0.520074617359822
0.997517804148382
0.744725358553569
0.324850735405856
0.626192887605258
0.047426519006224
0.121718762033488
0.275238917803037
0.663477923098708
0.011960166977700
0.292818363426634
0.409980114740310
0.782802840127984
0.905875910029689
0.595614495033219
0.839951052255906
0.480362227875908
0.055278032112530
0.246940223615123
0.368677704301047
0.120362592451443
0.894340362816276
0.307520908912421
0.487682167202086
0.109269847212951
0.567995310094205
0.158045523407890
0.956107995918071
0.107144871310864
0.797322666643803
0.045384772608702
0.627219489136347
0.794840470792186
0.790110131162270
0.952070224542203
0.421033357931782
0.837536650634155
0.073788986110030
0.696272275734820
0.501014573267202
0.085749153553391
0.989090639627115
0.910994688007512
0.868551993681375
0.894966549191143
0.506609182575070
0.708503045471619
0.375328777067051
0.561887214687600
0.955443269552404
0.744006481368098
0.682249807139044
0.849783631903019
0.051527389814857
0.169931974341130
0.959053479115969
0.619522699909063
0.327977497749020
0.915161474568379
0.726667571685588
0.125300163927162
0.960546247177080
0.353887060356274
0.920140634719348
0.750656378339350
0.305957284432816
0.341173992185469
0.588193028507844
0.379746270542846
0.037446267920288
0.089207601309385
0.465495424096238
0.026536907081742
0.000202289316897
0.334047417311951
0.921503456272885
0.506811471891967
0.042550462783571
0.296832232874274
0.068698686579568
0.997993732335974
0.040838713776711
0.750948493718611
0.847777363773332
0.092366103591568
0.920880468059741
0.806830842423640
0.711888803966292
0.248857965343100
0.721992316526357
0.438556375186218
0.374158129735923
0.682538563703438
0.792443435542492
0.294298763989610
0.433194941577127
0.098400719509647
0.635472756640740
0.021387969619310
0.478146990052493
0.672919024561028
0.110595570928694
0.943642414614392
0.699455931642771
0.110797860245592
0.277689831460682
0.620959387449994
0.617609332603220
0.320240294244252
0.917791620789930
0.686308019182788
0.318234026114565
0.958630334566641
0.437256512435738
0.166011389422236
0.050996438158209
0.358136980495479
0.972842231845875
0.762885242124500
0.606994945838579
0.694834548372233
0.201441616845057
0.981153075574503
0.377373111610009
0.993885052387549
0.275451839564113
0.810568053187136
0.092285771431534
0.910924596204853
0.831956022806445
0.570432761484027
0.583843620300220
0.942551593735140
0.514075175632758
0.283299551477330
0.053349453980732
0.791765007559101
0.904258938927324
0.670958786583952
0.112005301337692
0.822050559251593
0.357266805301079
0.430239327917918
0.780680893818234
0.794523317736817
0.596250717340154
0.831677331976442
0.152660297766635
0.569092949186029
0.594562573635281
0.759655244070876
0.263927497092601
0.796004190480339
0.740808319179718
0.641300608702610
0.789889242402226
0.016260158278169
0.451868661424084
0.882175013833761
0.927184754483022
0.283824683764868
0.452607774852127
0.511028374317581
0.226376277034346
0.966682950950546
0.794327925794911
0.279725731015078
0.758447958043985
0.698586864722235
0.950684517599030
0.870453259381677
0.520637423508166
0.307951322434447
0.300692586833934
0.301318316860738
0.102474640171265
0.896943304639749
0.132995648371519
0.255134937937900
0.466036253360117
0.727558222006801
0.014790181543115
0.729963750452718
0.523562412021478
0.755598501188494
0.371264358689666
0.313451653958043
0.771858659466663
0.823133020113750
0.195626667326142
0.699043413949685
0.106957703412956
0.648234442643930
0.210071787801605
0.333333980447303
0.614917393128815
0.004399713596515
0.613059711928042
0.373365350707139
0.702986578318750
0.563744229061410
0.243818609623154
0.223624001361255
0.871695551961519
0.544511196922749
0.524942318687654
0.974170192132783
0.441454501096837
0.657937967059174
0.229305129605022
0.907490754456953
0.385496189065974
0.244095311613798
0.637454504444010
0.909058601087452
0.999693812802291
0.008718862668015
0.222510255045495
0.771552471803293
0.831851882781764
0.418136922371638
0.470595885287316
0.938809586194721
0.066371364549907
0.680667673554582
0.272143566176362
0.681288757678721
0.685067387151098
0.885203278104404
0.054654107920199
0.388053965004186
0.448947507165814
0.298472718009014
0.611677966365441
0.320643058661671
0.842983914931763
0.136620284587434
0.294813250328793
0.284438415562938
0.794558252112269
0.524118379933815
0.191929169554230
0.180054440712582
0.768213691547613
0.829383673998240
0.089113041334372
0.767907503884243
0.838102536666255
0.311623296379868
0.539459975687535
0.669954418982358
0.729760219217166
0.010055860509191
0.608764004711417
0.796131583767073
0.690723534063773
0.880907570887780
0.477420341445794
0.375790920749209
0.766110848992183
0.532074449365993
0.763844885753395
0.215058355692336
0.830547167375007
0.375522852118836
0.535701414354007
0.673531081841109
0.512143136706270
0.830514664682799
0.957969497404047
0.306701388352877
0.354633044150953
0.149898666492616
0.486755829065459
0.122846735698565
0.979282340490856
0.575868870865493
0.890754239582808
0.817384876691450
0.887492167245360
0.430214214804682
0.487339295208146
0.617252385996865
0.440270075779534
0.096103299453903
0.413383969763938
0.130993609377646
0.977010870807344
0.890804311209733
0.506784530592516
0.743121719333866
0.422878760110065
0.270629415880250
0.958180075026201
0.253425927485072
0.646152267999087
0.493881488914546
0.926957009326181
0.158295404705357
0.324396153131684
0.884926506730228
0.464996793058234
0.679029197282637
0.034825172757183
0.951752622589354
0.801875932981202
0.014107513248039
0.527621492989185
0.692630172564010
0.831492389939489
0.415113659768884
0.122844386903031
0.318831685147635
0.032366045765749
0.563114462682565
0.414934984601538
0.445750015529688
0.694108072525872
0.391945854943220
0.336554326273759
0.200892602652727
0.135067573811425
0.759433086383824
0.471522018532977
0.093247648371965
0.012859013403235
0.117674286532064
0.587129137286511
0.939816023195077
0.275969691237421
0.911525290418195
0.824742529459643
0.740966484295654
0.590554487700832
0.859567702216826
0.692719106419347
0.392430420216373
0.873675215464865
0.220340598942871
0.085060592314722
0.705167605404354
0.635454259177416
0.207904979683415
0.023999290086329
0.667820304943165
0.771019442365980
0.438934274687867
0.113570320007191
0.465127514426190
0.830880130096749
0.450124646280950
0.666020117078917
0.965947703908173
0.209557732199113
0.137542135611895
0.059195352280138
0.222416746068009
0.255216422143959
0.646324489566649
0.162232768797424
0.531186113381379
0.557849779984844
0.986975298257067
0.272152597211372
0.148404267220015
0.846543000008232
0.964871704096380
0.540834687436388
0.720218215473098
0.185212302573590
0.625895280216772
0.425385820411791
0.820666561751005
0.833800259900186
0.449385110498120
0.488486866228509
0.604819701800505
0.888319385185987
0.602057186235700
0.069947216226695
0.719199514817074
0.052181832050989
0.735967333305612
0.685147218725247
0.261739564715763
0.873509468917506
0.744342571005385
0.484156310783772
0.128725890595804
0.390667060106372
0.646389079581196
0.659912003977183
0.948516840091216
0.633364377372602
0.932064601654217
0.096921106845569
0.479907376915173
0.896936305284936
0.637755794747619
0.200125591922610
0.082148607392865
0.263651074498729
0.625511412334401
0.902815169609531
0.097451333933254
0.074896522366859
0.391302035372379
0.702271035733759
0.963215908018507
0.993359222073741
0.772218251960454
0.682415422369919
0.045541053659069
0.508185585266066
0.367562640629505
0.307280618374832
0.381695053717911
0.111905211169229
0.791436929158604
0.510420944779376
0.502572271741262
0.437826008274139
0.170332948290898
0.451089111366816
0.071190385181080
0.102397549479454
0.548010218678047
0.551097762561914
0.999333854764390
0.185766012960005
0.751223354484524
0.081482462157254
0.449417087458734
0.376734766818925
0.984297631766786
0.546868421391988
0.451631289185784
0.375599666673504
0.249139456660086
0.414847196738630
0.368958888281583
0.021357708620540
0.097262619108550
0.414499942406313
0.529543293886605
0.464825259738055
0.721780560781146
0.911238347604516
0.576730471372945
0.513217489939750
0.421659291918231
0.079302742648545
0.951043498213889
0.591992240674790
0.530391854015361
0.022233883394969
0.694389790154244
0.078402072227747
0.573331645956883
0.693723644918633
0.264168085187752
0.324554999975746
0.775206107075888
0.713585172646486
0.701289766794671
0.759503738377012
0.260453593572813
0.152921055980456
0.135103404584855
0.509593050698560
0.567768252719086
0.504062293332099
0.530950759319100
0.665030871827635
0.918562235738413
0.060494052740044
0.129856131565690
0.640342796053897
0.971732400344560
0.706586602938635
0.153560285527986
0.393391692262791
0.785889345587180
0.104603783741875
0.985383932937581
0.316281199136880
0.126837667136843
0.679773722626164
0.394683271830288
0.700169313093726
0.373497367079136
0.658851357018040
0.024724312603811
0.148703473689362
0.372436529664526
0.726014079864143
0.908207212066374
0.632890123237339
0.878935135844599
0.043310616651229
0.142483173470238
0.446703388098024
0.547372909983328
0.673433932789338
0.111734259925659
0.465935145256079
0.733927985529382
0.241590391491349
0.106277940844315
0.705660385873942
0.948176994429984
0.259838226837962
0.099052077671072
0.734066339551502
0.364442010579837
0.084436010142991
0.050347538222721
0.491279677716680
0.764209732769155
0.445030810053009
0.191448990344745
0.137707099848290
0.103882167071049
0.216173302948556
0.286410573537653
0.476318696735575
0.942187382812699
0.194617785604027
0.109208819507253
0.821122518191637
0.237928402255256
0.251691993443152
0.267825906289660
0.785301312238584
0.925125926232490
0.379560166215319
0.251236457029002
0.659053911761871
0.621150557706668
0.357514397873317
0.364714297170152
0.569327551670991
0.617352624711279
0.463766374841224
0.303393890756831
0.981794635291116
0.548202384984215
0.353741428979552
0.473074312542134
0.312412117287709
0.798772239498222
0.664523302886879
0.450119217135999
0.902654406569272
0.880696606301096
0.736529791139313
0.378973102839185
0.822883988648133
0.931147576743340
0.488181922346438
0.644006506839770
0.169075978532935
0.739873915789590
0.911832413129430
0.954377290771518
0.664999842022080
0.291392578879088
0.205613747334859
0.324053753318290
0.912543136585757
0.563128145208176
0.688768050488442
0.481870687791086
0.180480769919455
0.152534424864005
0.785264578547918
0.162275404744910
0.700736809848220
0.139006007061808
0.635349717752705
0.013148926670267
0.937778246560031
0.299873020173923
0.463268144271927
0.840432652663641
0.180569626009357
0.199797934945579
0.219405755037165
0.003453614657490
0.130945511223257
0.707587677849265
0.647460121497261
0.300021489756192
0.447461593173194
0.559292534161030
0.254398780062049
0.112461434729612
0.850685113040118
0.460012527396908
0.436515188047902
0.763228249160213
0.023140672139423
0.125283238070683
0.245098936485638
0.203621442058879
0.277817662934688
0.030363514567895
0.365896847269450
0.978554472782907
0.169369521629703
0.001246564556494
0.991703399918835
0.107147768189734
0.301119584730416
0.454971543725101
0.947580420853375
0.481689211205435
0.654769478670680
0.166986175890540
0.485142825862925
0.785714989893937
0.874573853739805
0.132602946894524
0.085736479184468
0.322035446447337
0.691895481055554
0.340135259246517
0.434496881642610
0.542580593630011
0.800147786643425
0.871012069690512
0.305808842324563
0.823288458782848
0.996295308226857
0.550907778810201
0.026909900841727
0.274112970695883
0.581271293378096
0.392806748111177
0.252667443478791
0.750640815007799
0.394053312667670
0.244370842931965
0.857788583197532
0.695172897398087
0.699342386657066
0.805369004050907
0.176862108137860
0.354111864862084
0.972355179941447
0.662004934000785
0.139826854290360
0.846929033215590
0.794607880895309
0.225563333474828
0.168964479197266
0.486503361485202
0.565698592721344
0.603461360839876
0.029083954649551
0.365846378899108
0.474473430530389
0.334892796974114
0.189134837216295
0.470768738291584
0.885800575784315
0.216044738058022
0.744881708987468
0.467071868696749
0.608851486169198
0.997549152466259
0.217712683704548
0.002904798371207
0.241919994932562
0.075501266436419
0.698077696234955
0.941262381589628
0.880870270487326
0.874939804372815
0.295374245986051
0.853225449963112
0.536944738373600
0.435201100276411
0.700154482713041
0.331552618803248
0.660764433751239
0.869118962375968
0.818055980754111
0.226463026006922
0.472580322750183
0.847139935403662
0.592309404906030
0.947053753280572
0.182032732377775
0.781444242587986
0.417822491106495
0.067833307696429
0.997488980646007
0.162704200093962
0.534905176858839
0.606340466815205
0.160253352094560
0.752617860563387
0.609245265186413
0.402173347492783
0.828119126999806
0.307322960955707
0.343435728616750
0.708989397487133
0.182262765328522
0.638809975068462
0.562214846984583
0.719207503702122
0.074011074879212
0.262369329697624
0.050760122039709
0.734775509096112
0.131488291607931
0.868816102793820
0.961238535103034
0.604068614358114
0.715956038197482
0.553547940009063
0.551122367638686
0.897988770575257
0.334992182131387
0.968944858745180
0.965822078271686
0.332481162311733
0.131649058373482
0.500727254664864
0.938821629126939
0.291902410933702
0.253345114762590
0.548066894313352
0.694075758426486
0.081464241762396
0.855389855269059
0.037511486577574
0.790453639249529
0.037652620131919
0.676321461646036
0.352668485768451
0.756860123834042
0.750332536990909
0.615037815466075
0.807620246339413
0.485108045621360
0.746526107074006
0.676436348667572
0.446346580258732
0.350594721432121
0.392392386399392
0.999894520267795
0.901717089070807
0.290381156508988
0.334886701933521
0.870661947350326
0.256203234780674
0.667367864710916
0.002311005723807
0.756930489445539
0.606189493372193
0.294213416657510
0.010275604208128
0.154256387219884
0.988289175083995
0.091739845970524
0.009646242488942
0.025800661195908
0.882193485220053
0.047298862620862
0.702122123307605
0.234861970522842
0.804158986920565
0.452454659832853
0.849899786454579
0.611779232794316
0.937562705454213
0.596425893062924
0.288215580996226
0.383909285247284
0.947020614495045
0.680607967861280
0.383803805515079
0.848737703100190
0.970989124370268
0.718690507448600
0.719399650450516
0.227192358685281
0.386058371693854
0.721710656174324
0.984122848596481
0.992247865531709
0.015924072366172
0.994398452804609
0.146504252285931
0.004213246984507
0.086138298309473
0.156150494774874
0.030013908180415
0.968331783529526
0.203449357861397
0.732136031488020
0.203193753586707
0.007608344316300
0.184590690855212
0.053093539575624
0.619387577110616
0.122153395843764
0.649519433104209
0.907603158106843
0.506062681556709
0.596540047133593
0.588211125502461
0.889866487071787
0.445277750233783
0.559200249872729
0.608556994054726
0.164677400218638
0.786392608558011
0.994615366214242
0.886388056392962
0.770515456688830
0.986863231280289
0.902312128759135
0.764913909027778
0.133367483100559
0.906525375743641
0.851052207337251
0.289517978341094
0.936539283924056
0.819383990401115
0.492967336202491
0.668675315412076
0.022577743987822
0.500575680518791
0.853266006267288
0.075671283563446
0.119963257163746
0.975419402576713
0.725190716667655
0.027566414804927
0.481482083667760
0.321730763801248
0.615777540773050
0.371348570273886
0.767008514035031
0.174977790180118
0.979905564328612
0.931685914253670
0.961370398738128
0.974520930077192
0.818073970180971
0.731885855426959
0.961384160891820
0.720386098474444
0.496799763989076
0.094751643992379
0.626911473752424
0.347851971326327
0.384269622333473
0.563450757210818
0.167235961261781
0.877236958535964
0.232126072157233
0.189813705249603
0.377812638589094
0.085392078424521
0.265484989278710
0.497775895752840
0.060811480535572
0.990675705946365
0.525342310557767
0.542293564203332
0.312406469281952
0.141119850865155
0.913642134477218
0.079414982851322
0.316097641045273
0.893547698340168
0.011100896639331
0.277468039783401
0.868068628417360
0.829174866820301
0.009353894744699
0.829452788843518
0.549560964829084
0.506153658733775
0.924204432835898
0.176472438115847
0.854005630060102
0.308474054703710
0.739923195792326
0.021241591321883
0.185711012774013
0.972049267949559
0.211055296571485
0.563523651363106
0.057441345908419
0.476540285850195
0.061299546650285
0.118252826443991
0.467215991796561
0.586641857673713
0.660546390647323
0.779622461078513
0.727761708538868
0.574188524658879
0.859037444395496
0.043859349584141
0.467736222999048
0.870138341034827
0.321327389367543
0.335804850950746
0.699313207855128
0.330681284112242
0.165257639328603
0.248874172218551
0.836834942846016
0.089462072164501
0.425346610800059
0.690840572906118
0.397936126868211
0.165269806126724
0.712082164228001
0.583647140107885
0.137319073610622
0.923137460799486
0.147170791005330
0.194760419984702
0.399677746649681
0.208470338121276
0.313013246428693
0.866893738446242
0.795112195794988
0.973559637541678
0.646516199059093
0.522873903868196
0.547748161734896
0.505553642988928
0.566733253452337
0.015484384268282
0.375691984023755
0.888060642819880
0.351289235219028
0.075005191413222
0.218741926466460
0.516546875013293
0.323879363631773
0.055576869312477
0.606008947177794
0.749225974431832
0.746417442218595
0.003945073580344
0.914495780558556
0.458499605980934
0.587592213688228
0.051814854169178
0.381637066314759
0.734763005159219
0.246575274153880
0.781314812964441
0.943233343280495
0.559588520582574
0.648208550945021
0.738345538609822
0.533148157658590
0.294724750004115
0.261219442012356
0.080896319393486
0.800278392993043
0.827952695930355
0.096380703661768
0.175970376551137
0.716013338284573
0.447669939346458
0.250975567964360
0.934755265216695
0.964216814359751
0.574854932061795
0.990332134529172
0.570225761071884
0.324080906027966
0.736749576282105
0.574170834652228
0.238576686586522
0.195249181797378
0.161763048340456
0.290391540755700
0.576886248112138
0.896526053499675
0.536966814909581
0.358201061076578
0.839759396314509
0.096555335026493
0.006409611555938
0.578104934458670
0.629703493150744
0.301134361560053
0.839324376471026
0.710599812544230
0.101412754553097
0.667277071935719
0.806980516205998
0.277383131104234
0.383290410220293
0.254650455086795
0.528358699534255
0.318045674971326
0.218867268980885
0.103213631130389
0.308377809034836
0.789093030052769
0.427294537158354
0.045127384851280
0.363263864704996
0.665871223744876
0.240376566648659
0.525026913045452
0.956262764500576
0.817262814760796
0.421552966079467
0.493229578944496
0.175463875371713
0.261312361928314
0.589784914436650
0.181873487393313
0.839417296386984
0.219488407121733
0.483007848953366
0.678741672392349
0.930088219665963
0.584420603506463
0.346018744328068
0.737068735406300
0.861803735076358
0.729309154548361
0.991719190958757
0.390162434144953
0.047354829054025
0.210586459473980
0.493376065275341
0.355732638088862
0.999679489992410
0.920670602433696
0.400860022940142
0.362943354231745
0.586541826178572
0.641236589588801
0.887970267277197
0.542804590213487
0.458499403883936
0.309523232891002
0.036034169157983
0.633963279721310
0.570835594819316
0.625819083594633
0.815836767114623
0.410252890740639
0.845307490716366
0.298844615602328
0.088994562667326
0.775395709916668
0.883265219574452
0.435013306995394
0.512464444857307
0.745068954185149
0.164322461078094
0.504183635350402
0.135231387864440
0.211677290132119
0.714770095290043
0.628607453139782
0.567409928220981
0.714449584816792
0.549278055107816
0.968269951161123
0.077392938582875
0.135819880820727
0.609506540284262
0.965363205860072
0.678624471499875
0.068005944168198
0.274886438285413
0.714658640657858
0.701969223889508
0.845722033104730
0.340477723786830
0.517805990538470
0.255974923379708
0.185785214037534
0.816650606140797
0.344969486047034
0.961180923954202
0.699915825249588
0.779982793508090
0.473645368345848
0.444984778969076
0.944305254586183
0.977829004161912
0.580216166833516
0.155982544718302
0.692599098986294
0.208823619507637
0.723392472939283
0.407048683337424
0.758101675081114
0.691662424100406
0.484441621920300
0.893921555901841
0.301168963919007
0.449804827314711
0.572546026936055
0.369174908087205
0.724691265600124
0.287204667128252
0.071144131511051
0.570413298239193
0.627682390915082
0.588950122049521
0.826388221618900
0.813467604952616
0.405600728190318
0.171357707200273
0.774648528441157
0.105516552974245
0.951340500708362
0.248293896787005
0.550501332408982
0.895645755294545
0.226122900483256
0.130717498776837
0.051628299547186
0.918721999469549
0.339541118750135
0.775020772486469
0.325770682341312
0.097642793365588
0.466683196121214
0.810212304261612
0.991564349267429
0.767852160505882
0.260017131110661
0.564110376203484
0.137027068127425
0.984708396710785
0.851315043331736
0.208171200104138
0.555121694484317
0.478997434246818
0.797121322153658
0.381509915637555
0.292465038733773
0.202722049878315
0.552867622837828
0.067113567174931
0.308238603318221
0.504208123546191
0.315407463961936
0.858739935727203
0.399853878375075
0.541530364445192
0.989457434504040
0.451482177922261
0.460252363449080
0.328998552788514
0.226502949943069
0.786023045790393
0.426641346154102
0.693186146529944
0.596235349586343
0.418205695421531
0.461038306570164
0.856252480697004
0.982316071625015
0.598065374697589
0.840960876942128
0.833631114491090
0.806236574801727
0.396082570960784
0.312628548272247
0.603357896955385
0.777592486598339
0.605093587471681
0.806079946833700
0.330460108970506
0.672207154646612
0.114318549686260
0.834668232516697
0.987614618608549
0.973058485413463
0.234522110426110
0.529144982588079
0.962515919917503
0.686004288348371
0.989397346037159
0.291514472240356
0.912507238757101
0.775420391361891
0.718155818860119
0.605693384821384
0.371655740482572
0.136361513815989
0.066731690925887
0.227908220713915
0.118677584975342
0.664797065623476
0.068869097190382
0.952308699466432
0.471033640425202
0.464951668151166
0.264937247738679
0.074391536914926
0.242544154283844
0.870030835210360
0.880471483748626
0.573004263254350
0.542237989391311
0.994790033900547
0.407672495771047
0.529852607534198
0.967848518848349
0.642194606197157
0.058997589656616
0.930364438300191
0.328198894545529
0.048394935228114
0.221878910540547
0.240706132836969
0.823815326590005
0.940034729400666
0.846399517658353
0.195471066606916
0.076396242750993
0.913131208584239
0.423379287320831
0.195073827726335
0.577928273742054
0.492248384511214
0.147382526727106
0.048961913701595
0.957200052662380
0.412319774465784
0.123353450616521
0.199744206480563
0.282350609210483
0.003824934365146
0.772748469734913
0.824588598601794
0.998614968265693
0.180420965040299
0.354441205670331
0.966463486648381
0.822615571703117
0.413438795326948
0.896827924948571
0.150814465782984
0.461833730555062
0.118706835023457
0.391520598619953
0.285649056679406
0.058741563958461
0.237920115812644
0.481120123286322
0.135137806709454
0.151051323931222
0.904499410607153
0.330211634435789
0.728979597673276
0.396747794652706
0.477594161162895
0.777941511840532
0.353947846849425
0.889913936094341
0.901294962457053
0.553692053329987
0.172264544839163
0.905119896822199
0.326440523064900
0.996853143906618
0.903734864622231
0.506861488105199
0.351294349111288
0.870198351270612
0.329477059342655
0.764733144903897
0.767026275753521
0.480291525125639
0.226566874993298
0.885733110776978
0.871812123745592
0.512215932138365
0.944474674735439
0.109732239092575
0.993336055424687
0.079612480979232
0.260783563023798
0.897835466031840
0.409824115415022
0.989763161162736
0.294583260218884
0.887418276577917
0.767704672537607
0.648531107533970
0.777332212206597
0.668999634528998
0.202223160398297
0.949596757511420
0.574119531351197
0.528663683463197
0.946449900952377
0.477854395507767
0.035525171568396
0.297744249598004
0.348052746312717
0.365002230911051
0.062477394036240
0.115079021600578
0.845293756502352
0.289044269495199
0.000812131911894
0.717105879782283
0.801260201633563
0.945286806647334
0.826838119340519
0.794596256592589
0.024899287160905
0.087621681898656
0.692431722158767
0.434723402575927
0.077384842595730
0.987014982843313
0.322141679153844
0.845089515133337
0.635546089911622
0.099473890894779
0.514089149662335
0.837769250309919
0.049070647940538
0.088208680547871
0.366432933773116
0.995520548892916
0.566063076055638
0.401958105341512
0.293264798490920
0.914115822834017
0.766960336252563
0.355742192527159
0.029194843968933
0.612254092289253
0.644786462022358
0.030006976346489
0.329359972071536
0.446046663190260
0.975293782993822
0.156198090946394
0.240642919782849
0.000193070154727
0.243819772845050
0.933074641941616
0.434916472730654
0.321204615906442
0.920089624319267
0.757058151884497
0.166294130574117
0.555635713765228
0.856532043244937
0.680383280236452
0.393404964075147
0.905602691185476
0.768591960784323
0.759837897848262
0.901123240078391
0.334655036839962
0.161796002724113
0.194388038103649
0.248770859208317
0.928756338976676
0.550130230630809
0.277965703177250
0.541010431265929
0.194916692653166
0.307972679523738
0.870370403337465
0.640963355843426
0.283266462517561
0.026568493818198
0.881606275626275
0.283459532672288
0.270388266663248
0.814680917567891
0.718376005402941
0.591592882569690
0.734770541421497
0.475434157287438
0.757887013609469
0.290406255186725
0.331966200066715
0.438270293380260
0.683811219261871
0.237568890786529
0.206862254164583
0.443649116644472
0.138692130399259
0.541517291004545
0.605445119368585
0.333080168502908
0.790288150212862
0.534201457879600
0.883210399599378
0.068253852924450
0.075211888679868
0.078127091786883
0.376226532913850
0.945582292017332
0.719090447630310
0.659492995431411
0.972150785835530
0.600696723256585
0.942952528103698
0.242539052498778
0.415377640358814
0.661328533040978
0.834131935068468
0.150148181314649
0.136762689862755
0.592018948212275
0.440554436501374
0.468728889929470
0.030289241592534
0.124365655297584
0.706297781181660
0.237151495757118
0.568014771942056
0.844989911580919
0.778668786761662
0.173459890844980
0.178070080083828
0.568956936508863
0.707661349190241
0.061280479217544
0.637210789433313
0.782873237870109
0.139407571004428
0.013437321881502
0.728455529887441
0.858498018634738
0.672930317312912
0.700606315257310
0.459194741425661
0.615882844950949
0.943145367756088
0.874572381784475
0.277211377991928
0.777277302824556
0.024720563099124
0.413974067854683
0.369296250571169
0.465274999600498
0.882702958249814
0.399585492163704
0.589640655363743
0.589000738965813
0.636736987920821
0.157655426840137
0.433990650081071
0.415405774216822
0.331115318150779
0.612060730164899
0.984362710725685
0.038776666875359
0.673341209382443
0.621573500158998
0.821649904745468
0.812748780386871
0.635010822040500
0.550105434167248
0.671246799021609
0.307941139353412
0.250711749424558
0.130441539981608
0.923823984304361
0.193857116714985
0.005013921766083
0.201035361830627
0.971134419539540
0.029734484865207
0.615009430150972
0.340430670110709
0.495009484465704
0.497712387935125
0.740016162274413
0.084650139363785
0.086713126435277
0.376753150195234
0.242305566669584
0.520703776516348
0.792158924412056
0.573420884820363
0.132764506681247
0.776521635137741
0.612197551695722
0.806105716063690
0.398095134831078
0.433847455975529
0.618854496450561
0.033105956405916
0.983952890608438
0.290101295006509
0.341047095759328
0.234664639567334
0.420542834988117
0.264871080063689
0.428521756282319
0.425556756754199
0.465906441894316
0.399656175821859
0.455291241619406
0.080915871579627
0.740086845932569
0.950300726550771
0.578628259514751
0.480103007741320
0.034950865448895
0.665341385950028
0.856856157936554
0.277256432118479
0.186045162466376
0.649015082348611
0.850677316938842
0.318809669147623
0.425536717020691
0.462874868168903
0.124915384745652
0.823631851851769
0.896722324610093
0.743769881196213
0.856737808257685
0.880675214752869
0.033871175737060
0.197784904017013
0.115339853854543
0.454414011190838
0.462655984080702
0.543861610136862
0.879970767945038
0.928562425975018
0.943517785958721
0.335262009564444
0.009478297554645
0.683604631425629
0.285562735649553
0.588106557069396
0.163707639166949
0.320513601098449
0.253447943019424
0.020563796637842
0.597770033682589
0.439493105485799
0.669578878986453
0.448447350155770
0.758302774633422
0.095115595541483
0.911322218790335
0.883218159379073
0.918747447393251
0.808044542934766
0.626988040575286
0.775485255650936
0.688719757221974
0.660859216312347
0.973270159667949
0.804059611076517
0.115273227037524
0.435926143282990
0.347921220747717
0.995243995448222
0.364488568792347
0.291439006706439
0.330506004547005
0.373966866346992
0.975043638132067
0.616068740196558
0.962073423882049
0.138751276833355
0.936582341295007
0.215521366435812
0.159315073936859
0.534352374511935
0.655014471921611
0.828893952923312
0.982799725133367
0.413317246089371
0.924009548930456
0.894121943458040
0.296535405002784
0.842756995858046
0.702166485927145
0.923523445578070
0.618242251043321
0.390886242683458
0.584382661890417
0.591512410245609
0.194945853294314
0.699655888927940
0.027438553062937
0.542867074042031
0.694899883910501
0.391927122320946
0.834306080748470
0.025405887991845
0.765893988667938
0.809349718880537
0.641474628188403
0.727967412084326
0.948100995713892
0.578056969483410
0.943488778520137
0.107416069185089
0.112409343529683
0.598503249976087
0.936310022574062
0.095209068197389
0.011820495599797
0.860319571038857
0.989331011655429
0.308355901068242
0.703076566431241
0.691497497116913
0.231879346180651
0.321318817474562
0.082383739334710
0.816262008071068
0.912831227720171
0.277329592629024
0.515917896999008
0.940269781248770
0.820196667136716
0.210817780443848
0.332196903104054
0.654502747419524
0.236223668901354
0.098090891306331
0.463852465834400
0.877698297089757
0.826058303856318
0.411953461548292
0.455755266107505
0.769547081910794
0.519369530733381
0.568164610102849
0.368050331886881
0.455679552841782
0.663373678300238
0.379870827486678
0.315999123414978
0.652704689955667
0.688226728554921
0.019075689846219
0.344202186606919
0.920106075201233
0.340394507320781
0.426585926407290
0.736368082806639
0.253225734575291
0.703915519036313
0.252285979339986
0.193495515358399
0.524112185707368
0.463103760249495
0.525692418462454
0.178614933126892
0.699327429150849
0.623783310234446
0.642467398961292
0.577025725774945
0.449841613625102
0.054420860043923
0.032780991882449
0.219388695070235
0.573790391242965
0.600945601985299
0.587439026957117
0.029469943619086
0.264319279819876
0.967309854909456
0.345469067499726
0.917023969775543
0.655536582998716
0.364544757345945
0.261226156382461
0.575642657734287
0.704939264666727
0.687812082789751
0.312010740540927
0.958164999242017
0.391727601360403
0.564296719880913
0.151660514600417
0.915839787533432
0.027400479664747
0.677352933062870
0.094454720194663
0.726727908815596
0.301136242831655
0.736922119155956
0.303753634590541
0.750977856456757
0.791342979665540
0.336534626472990
0.970366551992654
0.365133370442844
0.937480228458289
0.557805578484109
0.394603314061930
0.201799507812503
0.525115432927904
0.740072381561656
0.118823477588046
0.180652015926620
0.104617138441939
0.380049633970507
0.756294673660907
0.809556403108666
0.067861716294597
0.068305413736173
0.767721402350683
0.459589317655000
0.632602134082747
0.919381916951100
0.375429104722770
0.660002613747494
0.596734849548309
0.469883824917434
0.386730522563090
0.897871092845626
0.206805944073389
0.690484157153631
0.648848948836722
0.998148923738929
0.027018783160960
0.619215500363715
0.363282293716111
0.964499011619249
0.177021078847824
0.757885607778041
0.166298518966091
0.702136511775729
0.497957989339697
0.285121996554137
0.882788527702349
0.602575127781637
0.665171630524644
0.639083201363256
0.412131530890303
0.733033346819241
0.707388615099429
0.179852932775325
0.192622664474241
0.339990748716514
0.099234849260764
0.568051769197011
0.999993362929669
0.695969698809073
0.037935594114445
0.386723885027097
0.593840791189038
0.244741538187834
0.077208041715067
0.242689740025760
0.242890461461102
0.104226824876027
0.861905240389474
0.606172755177213
0.068725836029614
0.038926318771637
0.364058362489593
0.235024354995705
0.741062831013027
0.862016351829291
0.520146352015504
0.623851358249714
0.464591479610927
0.185317982074487
0.262934559147309
0.876723010501230
0.918351329359390
0.970323174712399
0.056575942810893
0.110973993367969
0.310313922963251
0.155810792071657
0.679025762564980
0.310307285427259
0.851780490880730
0.716961356679425
0.697031170454356
0.445621282069767
0.961702894867259
0.774239212169423
0.688311022095527
0.204593355862700
0.878466037045450
0.550216262019340
0.810766111039913
0.947191873075064
0.589142581256639
0.174824473529507
0.182216228070770
0.330205411804004
0.036840824893136
0.702362580086273
0.954056770053719
0.501432304504063
0.887680562160760
0.216991329201027
0.378155314539632
0.806031891054489
0.187314503447765
0.434731257350525
0.917005884422458
0.497628426411016
0.590542049422181
0.596031646987438
0.807935712303936
0.442322540302911
0.312993003201202
0.504966882292632
0.887943822372679
0.274695898068462
0.279206094462055
0.576254844002544
0.479289253931162
0.157672131041843
0.126471105556223
0.290055364971075
0.104864004116908
0.715613686812862
0.464879838500582
0.287080232187677
0.045819098151205
0.501720663393718
0.989442812273951
0.999875868670585
0.003152967897781
0.877123373969050
0.216867197405951
0.381308282437412
0.683155265023539
0.404181700853716
0.816039540253598
0.600161148980335
0.901810127264732
0.406581589210118
0.196192795502112
0.709745839103007
0.848904129513029
0.509185799168975
0.214712721395638
0.736847951420046
0.783881697237437
0.493918815857693
0.313102794956929
0.263170950702937
0.651590946899537
0.439573900978814
0.553226315674012
0.756454951016444
0.155187587326014
0.018106153708932
0.043535182738460
0.201006685942880
0.519826817568311
0.032977994546750
0.200882554147803
0.522979785466092
0.910101368981461
0.417749751553754
0.904288067903504
0.593256633539338
0.821931452407470
0.720327607691441
0.193417782054012
0.723741579206540
0.126909196901559
0.389610578021785
0.433487418309547
0.975813326414588
0.898796377190760
0.648200139705185
0.712661277834634
0.682678073962535
0.142118955097217
0.025764072325902
0.945849024665472
0.793709901996753
0.465337973304716
0.499075340339483
0.550164853013197
0.620525561096391
0.517181494048415
0.593700035751658
0.821532247039272
0.037008311151065
0.626678030764068
0.022414800721414
0.559988096617157
0.536779399279868
0.440164552275168
0.464276164520661
0.130036032353545
0.262096004216976
0.184603771746440
0.323453814407556
0.985837583423517
0.311512968647998
0.713064392429341
0.419325001267402
0.287326295062586
0.611860769154439
0.067525140506926
0.999987572897220
0.294538842651313
0.209644095604142
0.025751644757461
0.240387867316784
0.003353997600895
0.491089618527838
0.739463207656268
0.553518850614093
0.111615179158568
0.256644701239022
0.147218885900089
0.933147426197840
0.293653012855748
0.773896916664157
0.955562226919253
0.853641109472905
0.310676315478364
0.395726778728760
0.317917273527904
0.440712347831909
0.657822782945737
0.502521045740005
0.764166162705126
0.643660365903592
0.814034014388003
0.477230554668806
0.062985367170994
0.101360308984928
0.089091323823245
0.130510507677919
0.101347881416487
0.383630166474558
0.340154603747723
0.127099526639608
0.624018033791342
0.343508601348618
0.618189145167446
0.363481240981948
0.897027451962711
0.729804324326014
0.620125942686631
0.044246337397139
0.662951750058193
0.913778955542380
0.818143254526958
0.618513976511785
0.767420064549623
0.128819569539660
0.014240754774884
0.085337338077527
0.569531917837230
0.672063537720620
0.587858383817532
0.333698080076695
0.315723903158551
0.401892397739874
0.810928634745501
0.378709270329545
0.503252707190464
0.900019958568746
0.509219778473126
0.604600588606950
0.283650125043304
0.849374382220849
0.731700115246559
0.907668158834646
0.192882983103806
0.349889259948344
0.271149399816594
0.089910434600855
0.079693583808697
0.891275342503225
0.134156771997994
0.742645333866889
0.805054297579943
0.952300026524952
0.361159309913013
0.572474361663905
0.081119596064612
0.375400064687897
0.657811699741432
0.650651513901843
0.047463601942856
0.245670083093303
0.984349593978538
0.363187505567068
0.647562481298839
0.795278228258378
0.741896775896613
0.150815188023641
0.695298186827124
0.251116553904077
0.755415776630591
0.978948311870428
0.100490935659265
0.487115891877150
0.886616470239412
0.293373918763070
0.837005151825494
0.157765869590345
0.383284353363926
0.916698736099852
0.049041211627909
0.517441125827581
0.659344069501080
0.854095509207852
0.469741151886872
0.020503379414092
0.426569870871757
0.550860747951484
0.395903444101989
0.084381570147528
0.201512261387665
0.443367046510506
0.330051653706493
0.185861854900542
0.806554552077574
0.977614135005332
0.981140083624581
0.548451327508526
0.128429322563312
0.676438269986044
0.799567881878264
0.883845099193903
0.655386581390811
0.900058817537529
0.370960990605392
0.542003051164561
0.193432736300599
0.207966142430886
0.699768921220568
0.576717089664525
0.124664878065076
0.748810132848476
0.094158215026445
0.784008947566156
0.602905642056328
0.563899367378978
0.804512326980248
0.029475512462424
0.114760114864800
0.200415771082237
0.113857082609952
0.316272376718126
0.643782817592743
0.443908736316445
0.502134231618668
0.450337369204656
0.421522870856115
0.483274314777588
0.998788696713181
0.549952193419427
0.159712584297970
0.798356578125784
0.433797292613330
0.815099165688781
0.698415395663313
0.804758283218722
0.357102216853342
0.891848131963912
0.012724425183946
0.056871137608248
0.468565221162776
0.137389303249023
0.805681270456724
0.562723436654882
0.921398251280840
0.408586912047391
0.126622803568199
0.725910577795427
0.438062424509815
0.241382918432999
0.926326348877664
0.551919507585428
0.557655295151125
0.570109166004746
0.995828243901873
0.059789526769793
0.020446534743740
0.417351114757988
0.543063841547381
0.019235231456922
0.967303308177415
0.702776426311013
0.817591809582706
0.401100600325084
0.517875591534132
0.516007204780358
0.205858883543806
0.874977808387474
0.407855336278610
0.218583308727752
0.931848945995722
0.876420557907047
0.355972612442436
0.737530216452447
0.439143994096268
0.277370863257614
0.146117128034177
0.565766797664467
0.003281440587380
0.584179553009653
0.807149716097466
0.929607789930705
0.136099060129420
0.364805011248591
0.499716955469789
0.131927303565632
0.424594538018384
0.520163490679191
0.549278418323620
0.967658379565765
0.539398722136113
0.516581726501035
0.670434805411117
0.356990531253158
0.917682326826119
0.188310396945249
0.872997736499178
0.123541209904263
0.063288204867061
0.280853072312126
0.342124519097677
0.995137151328445
0.157273629753512
0.698097131540113
0.732667367315231
0.596417623849780
0.975467994797727
0.878784495349407
0.162184421048586
0.978749435385107
0.462964047893399
0.969334137611712
0.908357224850150
0.599063108022820
0.334139148394642
0.408074180319940
0.730990412054113
0.758733686413026
0.928237670999131
0.280268829912072
0.726392065513130
0.467636392669583
0.796850556413108
0.396826870924247
0.824626923922741
0.714532883239227
0.585137267869495
0.697624659956258
0.838074093143490
0.648425472736557
0.978477732734046
0.180198611775506
0.643562623599340
0.135751362021897
0.878295743315618
0.376229990448910
0.732168986337338
0.853763737647684
0.255014485798317
0.894353407385924
0.832513173032791
0.717978533691717
0.863687544531975
0.740870397417280
0.317041641714536
0.197826692460955
0.148944577271559
0.048032053302988
0.956560378873982
0.077182247805028
0.328300883215061
0.682952444387112
0.544818640474611
0.125151439628169
0.079779314845698
0.369445564397353
0.839684322867395
0.664916582715193
0.067070223887949
0.677758415545224
0.313342054986089
0.045547956156334
0.857957027786391
0.956904679051090
0.181299318643892
0.736252770636348
0.333134669034339
0.913468304981230
0.590016508284033
0.588149154832656
0.807821711901492
0.422529680851162
0.306127688524373
0.671509256433467
0.163400077802781
0.623169330238909
0.869335948894422
0.312344655540001
0.671201383541898
0.825896327768404
0.389526903345029
0.999502266756958
0.508848771689855
0.934345544285302
0.124653705919466
0.588628086535553
0.303791108216993
0.964338028786861
0.253544668785084
0.370861332104942
0.642096444332086
0.566886723771173
0.416409288726938
0.500053471652816
0.523791402356602
0.597708607370830
0.236306241823503
0.856926071856602
0.511176911886398
0.826322750107536
0.445075226223597
0.318998623322229
0.248852430493036
0.751202914747970
0.990507879755696
0.412252508761479
