1000
0.371210509618377
0.168670662757322
0.438904479350385
0.467015216810170
0.092295650901411
0.503202595516668
0.537762150884495
0.054619486934794
0.017918539241850
0.129823288009420
0.272908042777753
0.129224643637065
0.471500545028365
0.646037715788017
0.463740931574135
0.260170313650821
0.839139618835943
0.922002453786322
0.306720813413486
0.458959093531109
0.018329505351526
0.592022173848013
0.204696734065514
0.274422841740038
0.487561737879907
0.845367569404360
0.151339811809054
0.354669277255735
0.103100664030342
0.739878666931707
0.905697903551952
0.474311174114380
0.908549330154690
0.344602382902336
0.941326390924550
0.000844980590439
0.847804978419004
0.479088541343384
0.055464467990894
0.865723518126515
0.608911829818465
0.328372510768647
0.994948161763581
0.080412374381168
0.974410226556664
0.458689092872054
0.340582688031989
0.813549844926945
0.380691546192715
0.647303501445476
0.272508937992393
0.399021052009902
0.239325674827828
0.477205672057907
0.673443893749939
0.726887412707735
0.322573240996605
0.824783706024654
0.081556689497808
0.425673905492608
0.564662372490700
0.987254593515422
0.899985079606988
0.473211702179728
0.331856975952097
0.841311470065877
0.474056683235828
0.179661953905440
0.320400010943599
0.529521151226722
0.045385471566294
0.929311840762064
0.857893661995369
0.040333633329875
0.009724214677570
0.832303888086371
0.499022726201929
0.350306902709560
0.645853732547655
0.879714272860305
0.997610404155036
0.918362670540047
0.278735324404545
0.236936078517202
0.395568342132293
0.952179218154484
0.963823491690598
0.718141583128898
0.776962923713477
0.045380180722745
0.143815488155845
0.341625296204176
0.032634773772505
0.043800567297172
0.814836998383904
0.364491749724602
0.885112037363049
0.288893681154071
0.544153704095703
0.205512048306648
0.818414832380793
0.589539175661998
0.134823888603050
0.676308493910501
0.629872808991872
0.144548103746282
0.508612381531211
0.128895535193801
0.494855006455842
0.154466113613204
0.008609807588444
0.492465410610878
0.072828783687590
0.287345131992989
0.729401489128080
0.468397125819883
0.239524349681812
0.693224980353017
0.186538708948781
0.016487273395288
0.738605161541423
0.330354197104626
0.358112569599465
0.771239935313929
0.374154764867460
0.172949567517708
0.135731685038531
0.259266801764847
0.461843249137440
0.679885389134234
0.464778850071495
0.280258081052572
0.269424564330571
0.599602739140206
0.956566575428735
0.899297373788104
0.744150842886488
0.465178956494284
0.028192908516244
0.239005848876669
0.619645070573150
0.036802716104688
0.731471259487547
0.692473854260740
0.324147848097676
0.460872748615627
0.160870980080623
0.563672197779488
0.154097728502982
0.347409689029404
0.580159471174776
0.892702890044406
0.677763886134030
0.938272040774241
0.663942825358334
0.051918650535829
0.111221608291949
0.799674510396865
0.311185452766337
0.573064857429389
0.479559899065439
0.775964302837832
0.853322938481962
0.748984463396009
0.375567041512377
0.809889513445035
0.648281836718452
0.119717883933204
0.275068469939320
0.676474745234696
0.358723733275534
0.894713540512469
0.713277461339383
0.090194992297420
0.587187394307548
0.037425308971398
0.551067740913046
0.748058374388171
0.601097507216547
0.705165469881690
0.095468062951913
0.181256977925662
0.597868359460434
0.773231949551605
0.119529018699904
0.261811184353107
0.825150600087433
0.230750626991852
0.061485694284311
0.136336052388109
0.803815484421242
0.541045593349750
0.912300355691603
0.657138422437542
0.290030056745759
0.287867396738318
0.467027935882578
0.938311893464211
0.407585281137184
0.742096405821897
0.614786638698907
0.766309014412718
0.636809945868705
0.328064099572629
0.856504006710138
0.223997339710592
0.365489409009688
0.407571747623185
0.972055714564424
0.966586916226236
0.112737217039213
0.067523777050676
0.147843893686237
0.710605576499647
0.840755726602280
0.267372912386140
0.972416761318416
0.665906326689714
0.498123539377993
0.033902455137066
0.802242379077823
0.301939023333573
0.574948048952477
0.714542734303764
0.959077446236777
0.864978105698236
0.002410131042083
0.426105381653693
0.803289998696786
0.409995412179267
0.168201787009929
0.418076636930032
0.176304426126324
0.805011732878635
0.746140736968322
0.032808432370801
0.029009072123565
0.111630145512349
0.440380179993985
0.001064786222328
0.078217061272923
0.553117397033199
0.068588563738665
0.226060954959160
0.263722973532846
0.909344290340945
0.493433867810962
0.236139734385600
0.575250616564998
0.991557407188954
0.270042189522666
0.377492995642821
0.293496430522528
0.844990238475143
0.092035729480924
0.252573876293643
0.709968343707718
0.094445860523007
0.678679257947337
0.513258342404505
0.504441272702274
0.846881044957266
0.931334979334536
0.680745698828597
0.651892777370239
0.677475715837197
0.713554131665059
0.680901849493804
0.789105861349546
0.153934311193383
0.681966636181793
0.867322922622470
0.707051708692243
0.750555199920458
0.093383877581630
0.970774682225089
0.659899489795742
0.586817745392592
0.206914416145028
0.235150106360740
0.578375152115885
0.476956605667694
0.612643102003561
0.871871582638412
0.321946844142837
0.704678831484485
0.124445458466395
0.031915187384894
0.799124692473153
0.803124716413731
0.545173529789398
0.303565964709765
0.650005760905336
0.476508509123935
0.984311664004024
0.301898537809913
0.153984224495471
0.697865795203422
0.982800387769379
0.943090086310678
0.851800106396806
0.664767023485511
0.810413008467487
0.558851814623387
0.415322222940308
0.903796886049116
0.529626496382815
0.075221712270389
0.490614630976047
0.736540912527843
0.310371818631129
0.068989783091932
0.213497518195537
0.923014920634690
0.940861365730344
0.535444362338374
0.627693752119175
0.065306824196739
0.567359549723267
0.426818444126667
0.868431540610470
0.112533079512666
0.730384408836432
0.518437301515805
0.589041588636600
0.714696072374795
0.820335839325719
0.743025813132071
0.412561867112555
0.803136226629436
0.686115898977088
0.264361973509361
0.467903249649286
0.496528907444574
0.823213788132748
0.883225472589594
0.400325793028030
0.352840284515564
0.958447185325645
0.890940424469738
0.089381196577745
0.268819003491112
0.959930207561669
0.302878714773282
0.191833924125803
0.900791572826352
0.838323077111655
0.819527676244978
0.966098397023090
0.405682626834923
0.246346119905983
0.834529937633560
0.518215706347588
0.976730528742415
0.352967238683704
0.107257294518527
0.691426601117210
0.173303077543761
0.850283107650598
0.103988467764104
0.976439304638859
0.536399006627686
0.368350441273465
0.444342553822483
0.032927913606599
0.191564229406213
0.327568026412077
0.433253706634628
0.544404513921777
0.286015211272060
0.324194130638705
0.633785710499522
0.554834214763173
0.284124337734712
0.936664425738465
0.746668138888976
0.184915910561064
0.774987502384459
0.566195814668292
0.151014307118493
0.180670128753721
0.812541934574275
0.985544244752053
0.698885835101309
0.789272463316690
0.338511482970096
0.806143129619836
0.480699063968239
0.511814560979518
0.656426237270434
0.584687531732343
0.488253865152716
0.192825243432459
0.953037973471469
0.932596418975199
0.225753157039058
0.144602202412021
0.260164444921615
0.659006863673686
0.689006716333799
0.546179656193675
0.983200994778052
0.322792426367659
0.101013870956848
0.267325332047104
0.259456851640463
0.847682009845824
0.452241242608168
0.034444354024923
0.413877824514116
0.603255550192322
0.215114482778643
0.226419758622730
0.588799794478714
0.914000318345614
0.015692221473759
0.927311277914472
0.720143447499789
0.496391285441998
0.439125838428329
0.376569684304562
0.081078817174341
0.927379703581044
0.569394927737021
0.034116790180149
0.859976122090582
0.795148084776079
0.178718992592170
0.120140567012197
0.454154948449766
0.867725708925969
0.666320223205872
0.437355942762157
0.190518134827967
0.767334094162720
0.704681274809260
0.449974986934091
0.615016104008544
0.156922517417428
0.484419340959014
0.028893928056999
0.760178067609751
0.699533823737658
0.255313686679729
0.348977861622804
0.613534141617610
0.271005908619150
0.276289139071614
0.333677589117399
0.767397194061148
0.715414977499943
0.710247273421961
0.848476011235489
0.642794680615326
0.279642201158983
0.882592801415638
0.502770802705908
0.074790285469401
0.061311793542147
0.622911369718104
0.528945233919167
0.929037502468115
0.289231592458315
0.966301176681324
0.119555637296082
0.056565686621035
0.670982451490584
0.569530624230174
0.671581790629580
0.827904968908012
0.053949964723526
0.700475718686579
0.588083036052102
0.753483788461184
0.955789405366308
0.937060897674906
0.367017930078794
0.226795313519796
0.213350036746520
0.700695519196193
0.994192508046605
0.928765014246462
0.410942792152494
0.842668518816432
0.571559694861788
0.690584993311476
0.725261320232070
0.074330497102035
0.765375279246539
0.786573113774216
0.697241866820139
0.294320512700044
0.715610616242332
0.986473459278454
0.260621689381367
0.835166253538414
0.043039145433828
0.931604140871951
0.404696877302926
0.714620936063407
0.759509109314302
0.458646842026453
0.415096654284325
0.347592144900743
0.212130630021976
0.370886059650633
0.284653042109987
0.579148560100770
0.597681373170429
0.498003078856507
0.279844078831302
0.591873880751372
0.426768093102969
0.690786871449457
0.434542399567804
0.998327787964757
0.381371864295272
0.159803719334213
0.072658284601131
0.146747143076149
0.946376833108429
0.769900151421269
0.441067656241855
0.661987448885100
0.756373610234062
0.701689345623222
0.497153701957852
0.799412756133551
0.633293486029512
0.901850579260779
0.514033691731297
0.392802594878153
0.360497420821571
0.929130346481283
0.740394739778896
0.572628051309207
0.300016405666255
0.025047781423222
0.151776610944316
0.897697778836683
0.523050860745390
0.431620690241279
0.489571659588056
0.949818953848360
0.122407561225075
0.924114059155860
0.948146741347456
0.503779425520347
0.083917778024412
0.020805025482925
0.650526569062158
0.030294610667180
0.790705176904195
0.091594224838351
0.692282060017941
0.547078786672595
0.793283570461573
0.189435761510132
0.346491542340485
0.426577056025424
0.091286340770911
0.860525234537444
0.819379650903577
0.451783761592481
0.789655580553066
0.559774390216812
0.024411812436027
0.089671985753659
0.584822171640034
0.176188423846005
0.987369764590342
0.107873031919763
0.607809114087284
0.476941423712737
0.057691985302461
0.730216675312359
0.401055482402935
0.005838726184256
0.233996100367045
0.484973260427347
0.026643751667181
0.884522669429203
0.515267871560188
0.817348928571376
0.976116894267554
0.207549931112467
0.364427715243971
0.769400464263465
0.396985692622599
0.710919257584456
0.195977519823228
0.488272033393510
0.571444491656238
0.015357170261143
0.940055795451652
0.361100071743643
0.575131560477955
0.964467607887679
0.450772057497302
0.159953732117989
0.140656031268023
0.438141822087645
0.267826764037752
0.748465145355307
0.915083245800381
0.325518749805875
0.478681820202005
0.316138728203317
0.331357475990130
0.712677921034711
0.801111988630664
0.358001228122973
0.597200589998253
0.316379859725190
0.175350156228687
0.573317484265807
0.523929790837658
0.539777871472658
0.342717948063611
0.920915483925918
0.250697129057114
0.538695468352500
0.409187516853766
0.822141620713352
0.554052638613643
0.349243311839757
0.183241692456995
0.129184199091598
0.313710919727437
0.634013749954297
0.289137931209587
0.454366950995460
0.072155571576280
0.556964695247339
0.202832096350767
0.987238817842323
0.882483445053214
0.681513916552772
0.303377545579978
0.213840921043344
0.394191837121822
0.104489533744980
0.571842149166317
0.991392427585736
0.420869393935832
0.747192305395004
0.564709911385882
0.944799184773489
0.286970176867661
0.907427859449493
0.865714668233746
0.537667305924775
0.446123327336332
0.274902185087512
0.359808926172466
0.000175965949975
0.624145496927270
0.543050618629460
0.129360165041573
0.937856416654706
0.177064368583758
0.418498096251161
0.392223367650166
0.249219940160038
0.975462791498500
0.595055464000933
0.236458757536699
0.857946236551714
0.276569380088043
0.539836303116678
0.071787157129397
0.670761217675526
0.644325837327319
0.643629306295714
0.662153644795601
0.065195230797490
0.390821611225056
0.226863555715821
0.009994415105318
0.677791788092717
0.134291414699653
0.875709083804725
0.215459093551831
0.580414742501646
0.150611268426576
0.575268020189958
0.580590708451621
0.774756765353846
0.118318638353757
0.709950873493194
0.712613182008552
0.295383006937515
0.128448969278694
0.104836549193057
0.544602947563214
0.103911760311533
0.699892013193989
0.781061705099913
0.961857996863247
0.976461393282032
0.320898008216591
0.033645153526983
0.647222610491897
0.965223845543910
0.677274459822697
0.309376254821837
0.030419075875738
0.068096071047753
0.536239810537659
0.040413490981056
0.745887859140471
0.670531225702973
0.916122574785781
0.961346953157963
0.250945967738957
0.066733842746696
0.536614972882259
0.831536676190578
0.841490608566203
0.654933611236016
0.541487549218110
0.554103790109094
0.950316618639192
0.669936518496804
0.658940339302151
0.494919565736744
0.773848278808337
0.358832352030479
0.275981270370996
0.735706275671584
0.335293744846850
0.596879278587587
0.769351429198567
0.982516355804408
0.562103123665835
0.446625889021263
0.291892610160584
0.592522199541573
0.514721960069016
0.828132421163904
0.632935690988291
0.260609818743826
0.498663646401215
0.549058265308411
0.221956771436127
0.749609614140172
0.615792108520769
0.758571744318386
0.581146289865089
0.457282716621311
0.413505355554402
0.122633838617538
0.011386506264744
0.363821973727933
0.792570357114342
0.670326845566894
0.858741539464677
0.566418635457018
0.029159197131712
0.134722809370012
0.302124910662940
0.364452941978561
0.731602088423261
0.071476339861507
0.346969297317308
0.293705211623435
0.518102228882770
0.638861907943553
0.886227411630669
0.032824188486125
0.466994328641796
0.519163102153299
0.293434007229951
0.965657975043011
0.068221366996049
0.515390779131740
0.715267588717522
0.684013475516817
0.273962522984465
0.296413878116949
0.141296191672467
0.687467878538867
0.419047716734487
0.152682697937210
0.051289851801139
0.211618073383168
0.823009543504105
0.910031391265817
0.778036708840186
0.852168740635816
0.044754200635829
0.080161619503126
0.216621682614378
0.776356289059090
0.151637959364633
0.563590979931686
0.070061500216863
0.669740188247403
0.202452887409578
0.956288911847532
0.702564376733529
0.669447216051373
0.475452013535170
0.995998383963480
0.635105190628723
0.543673380996880
0.511389162629558
0.350372778880583
0.227686856048036
0.785351686079685
0.646786656997533
0.368983048186164
0.472819564152891
0.065834373266359
0.521665746123374
0.524109416419691
0.277452446649527
0.344675289627479
0.434140807219847
0.055489155489713
0.196844029797634
0.478895007855676
0.135650774992840
0.413465712412012
0.255251296449104
0.287288734357473
0.977056692809359
0.325312797131628
0.957028922604876
0.179509579753275
0.281601708513499
0.659593298872743
0.848956796270309
0.757053722514330
0.655591682370562
0.484061986433371
0.300727103045549
0.166980845000120
0.834434765779616
0.528413959093585
0.952332531079805
0.481221422311487
0.897397007279749
0.425152094767034
0.547055796043508
0.419062753403123
0.949261511186725
0.824508242693035
0.763738043030602
0.383402318406572
0.879997398182749
0.960582072828236
0.862297326262247
0.015648172709927
0.374047785240248
0.117548622711351
0.302936907067400
0.351104477583945
0.442861419842980
0.259965829206615
0.530614057337220
0.724463128356479
0.919559128079358
0.379570853141868
0.481516850405148
0.575150810449920
0.863632840040900
0.782243953450697
0.742131655450040
0.698067605354855
0.310657912544281
0.694464186064184
0.179289027200681
0.208054919358368
0.119616280365557
0.726344823244188
0.627117672761491
0.068877791552282
0.550853065937223
0.390855715326432
0.452280109958854
0.430850463654311
0.351437788154668
0.314577435755440
0.446498636829899
0.725485573394916
0.432126058466791
0.749435543897299
0.076590050513200
0.874987478309771
0.009401373103914
0.607204107850419
0.599450606666249
0.928960501183272
0.986774961457949
0.080967456605736
0.504111311167530
0.850407801033188
0.863211410522094
0.246242966151909
0.548475405922381
0.173869322600714
0.940707152216093
0.727764433123062
0.381924241959082
0.060323432581650
0.454109256367250
0.009041914720573
0.129201224133932
0.004962321838812
0.399897630047005
0.581481334092785
0.435812785493123
0.751335418201673
0.896058769848225
0.882311422323022
0.476820991130928
0.328184828315016
0.631746966220321
0.553411041644128
0.203172306159126
0.641148339324234
0.160615149494547
0.802622912825375
0.570108840041845
0.147390110486834
0.883590369896773
0.074220151209375
0.997797911520022
0.746801779953205
0.320463117361284
0.546273316976742
0.920671102553918
0.261170269577378
0.274037749634142
0.302595344047339
0.321493702159027
0.728147006001392
0.311637258767913
0.450694926292959
0.733109327840204
0.711534889280580
0.032176259920083
0.168922113333327
0.462870307016592
0.928235029768308
0.051233535190687
0.939691298613181
0.256419857617663
0.682980501411008
0.493102339791647
0.459592164242450
0.324128840269581
0.653717489286194
0.262215076602164
0.894237680777087
0.801107599773029
0.145805446033275
0.968457831986462
0.798905510827389
0.892607225986480
0.288920948882085
0.345178827338470
0.813278328074738
0.550091218459462
0.619216577438273
0.115873672122077
0.871584920618490
0.347363582974003
0.427510930889990
0.322279846445788
0.080472910814207
0.139045819704908
0.354456106365871
0.249395024147534
0.601916127187161
0.282691136134179
0.300628559338222
0.541607425334681
0.539110993751842
0.983609061214891
0.034709764660667
0.998703157994292
0.307737901018810
0.688427254412522
0.260918234596457
0.201975581330236
0.489534853719890
0.406723680629732
0.170433412851036
0.288440364547279
0.299330906616212
0.459354362198782
0.633619191885749
0.112609234225289
0.009445580192583
0.252835768858360
0.228482906347366
0.881030501276735
0.600199352298025
