3000
0.060297241462533
0.362814861053049
0.328168073356230
0.964063453936979
0.485289049095143
0.350035587954351
0.879238285533729
0.439679276402890
0.609065164629866
0.217635664724575
0.166266531295267
0.066668557965508
0.838762696291675
0.747605890383760
0.288989137061401
0.916643920781391
0.360416533127621
0.735765463083873
0.804911358656786
0.127597562562487
0.230876234001888
0.585347258758427
0.087823740713216
0.548790143592651
0.914624369663477
0.358593265227318
0.966783314927846
0.984314930152295
0.208528279889621
0.370178501294078
0.676736251300544
0.268825521352154
0.732993362812788
0.004904324191112
0.232888974823472
0.218282411442270
0.354939912611125
0.112127259891539
0.657961687845160
0.964005077240991
0.329762924616115
0.824228219140427
0.030673634740838
0.168525620442129
0.571834109058526
0.319662772267900
0.085169540757858
0.932250642651809
0.055428234886112
0.890080899880305
0.059848204748634
0.286304469353661
0.475428158173071
0.147671945927512
0.835094612946312
0.390052527370887
0.506265211154830
0.801877927408497
0.374367457057521
0.714793491044451
0.172056428702574
0.051103707892403
0.983619012862266
0.905049791515362
0.056008032549176
0.216507987220077
0.123332202491971
0.410947945160301
0.328635247577278
0.781293890337131
0.374953021935631
0.658398172193392
0.605522109477558
0.405626657142130
0.826923793101182
0.177356218070423
0.725289429410030
0.912093333859040
0.109606860256571
0.780717664296142
0.802174233273684
0.169455065470866
0.067022133184142
0.277602390981094
0.317127011398378
0.902116746130454
0.667654918817643
0.823392222553209
0.703994673538951
0.042022375409502
0.538185713131998
0.876051102241525
0.093126083767566
0.521804725528604
0.781100893291226
0.149134116316742
0.738312713214342
0.904433095783197
0.560082061477044
0.066947960325958
0.685726985654666
0.935035083412675
0.725346132519350
0.291249094666563
0.340661740089144
0.552269925154871
0.468605313202648
0.065951169033512
0.464363259013911
0.578212173459219
0.846668833795315
0.266537491821934
0.747667238930085
0.913690966979457
0.544139883268690
0.064794249862802
0.815807713109910
0.211794801620671
0.888186472416011
0.519802386183200
0.253817177030173
0.426372185548009
0.395853487959063
0.346943260797739
0.948176911076613
0.176954380784628
0.496077377114481
0.686489623825294
0.081387476102164
0.056159438125863
0.753437584151252
0.767114461756830
0.991194522004199
0.478783716670602
0.058363556423394
0.331856261627682
0.031053641359812
0.526968869626042
0.397807431126855
0.495416900373724
0.105181042619600
0.244476264456509
0.761954392661319
0.852848282015346
0.158167230970304
0.306094275464348
0.917642531878148
0.973974944080214
0.517889077085019
0.805829004294159
0.493777329797753
0.771706254115191
0.232201189376508
0.889630817756816
0.118649514912930
0.180378099987459
0.066585198075783
0.614726892027411
0.866867724278415
0.147972674177947
0.670886330618936
0.620305307964005
0.915087136400438
0.662080852157474
0.099089024168946
0.973450692823832
0.993937113785156
0.130142665994420
0.500419561984213
0.391744544446349
0.625559566368144
0.605600604603812
0.636220808902858
0.387513958563802
0.458448886153497
0.794388040338824
0.693608234028150
0.376091418031646
0.768362983953377
0.211497310647507
0.181920421860144
0.262140313751130
0.983203565228360
0.414121611236651
0.151771131042284
0.101853079675628
0.594499711224111
0.218356329583729
0.716579971703039
0.461367435036864
0.366329003761676
0.387466301856314
0.081672743000869
0.281416139696453
0.049547153548127
0.180761767169815
0.254866832054624
0.043484267333282
0.310904433164235
0.755286394038837
0.435228811779632
0.936463999998041
0.360886998642649
0.071449620682490
0.323977958096181
0.819335884796146
0.865837661021313
0.017586192124331
0.195427302362131
0.634200644509029
0.229083502771837
0.377347724222274
0.896340958260158
0.212287067534536
0.791469335458926
0.048112089302443
0.314140147210164
0.385969046683036
0.266468418886172
0.030720118913204
0.847336481719900
0.632797422647848
0.418186420769518
0.929009224720769
0.914213562809962
0.467733574783305
0.109770991890585
0.169080394398924
0.511217842116588
0.420675425054820
0.924366788903422
0.946446653896219
0.357139424587199
0.285253787080410
0.017896274113048
0.681117383149041
0.104589671410895
0.883733935134361
0.698703575273372
0.300016974238687
0.517934579643390
0.927787078045209
0.677364698460961
0.414275537437888
0.140074145579745
0.468834033919887
0.462387626740331
0.454214292789909
0.854803080602923
0.728856045626503
0.484934411703113
0.702139561857162
0.361653468274350
0.903120832938291
0.631148786577931
0.275867030618650
0.370854407255936
0.740919778468516
0.444947425017575
0.882072249372523
0.161595203057674
0.369314213455335
0.828518902803081
0.518734628110535
0.654568000535745
0.846415177381791
0.199852010793915
0.759157672412301
0.730149112050491
0.898555586067287
0.059174646185327
0.248083691228220
0.826342663646835
0.736539344646288
0.662359229131769
0.966416809226580
0.205373378100513
0.124746855406438
0.420631102016490
0.060176458237775
0.853602901498602
0.905565513719602
0.762316020560598
0.215256369307291
0.808686346192232
0.393464806672868
0.491123399925941
0.179540752982507
0.134384584675722
0.936070824943516
0.061613001889369
0.295979787733396
0.305385038398851
0.890131905158112
0.814714415843931
0.959953038934596
0.736547082074241
0.014566426172185
0.719110710881236
0.466696193659071
0.913122012239472
0.778285357066563
0.714779885352952
0.739464675886307
0.514824701712851
0.377139114019060
0.705881484647226
0.720198079813364
0.501885969425498
0.126512586198055
0.780374538516800
0.355488870458439
0.032078099917657
0.542690558611737
0.570745239765730
0.840764446109889
0.936155365284605
0.061868639226010
0.020305199092396
0.070539949494665
0.997939464635187
0.081918200981765
0.366519737228062
0.303324502568377
0.972050106139877
0.181234153071993
0.263277541037312
0.708597187748457
0.195800579244178
0.982388252384210
0.175293381407528
0.108922591483650
0.760673608985112
0.890073266760480
0.848387267369957
0.275498310232301
0.267212380313879
0.554268751551522
0.995696390511327
0.769098349739378
0.680781338215238
0.776070928562466
0.124587220197817
0.712859438132895
0.318761486708541
0.695332459963547
0.553623883777123
0.254916851527485
0.757201099655219
0.573929082869519
0.325456801022150
0.755140563824745
0.655847284316946
0.691976538250212
0.058465065927461
0.627897389991161
0.873210691322205
0.321742606964774
0.336494577739618
0.069011270566383
0.304130858883323
0.511787959147146
0.177933862050033
0.064804467868434
0.401861225441965
0.026321128954329
0.340302778100736
0.669073605755844
0.580589880505851
0.335999168146401
0.438171955029560
0.261371218255428
0.112070096243206
0.562759175227377
0.974230656388323
0.430831582951747
0.258091635190924
0.527854540165446
0.685748434479231
0.015292734380482
0.101783622569304
0.011205235035720
0.770433298205227
0.757630906886249
0.703181773751593
0.828898364132689
0.385528296877410
0.576392464608137
0.150640970631801
0.722022874617028
0.645403735174520
0.454771829980785
0.233810833298513
0.823337597224553
0.519576297849219
0.635672058740478
0.849658726178882
0.859879075949955
0.304745664030661
0.430248606684733
0.195878244096357
0.742917619060221
0.691619824940162
0.307948340339562
0.305676794287598
0.665850481328485
0.738779923756970
0.563768429478523
0.193705021028270
0.424528357770540
0.579061163859005
0.295488643597573
0.435733593271921
0.349494461598571
0.053119550483823
0.138915366557853
0.178392825265598
0.438647847361233
0.715307831165990
0.329033795897399
0.160670721512600
0.360711566340510
0.783805625878184
0.394481554811113
0.184049163099401
0.303381923261742
0.030153613085930
0.033707889278283
0.163260999211697
0.334899277116591
0.463956495963017
0.359139243308054
0.077816895711150
0.155576320437517
0.667087583647616
0.383493689998749
0.821426801766002
0.405867506938925
0.947262119477271
0.015131822328610
0.830395865175126
0.526323282870615
0.310620466391845
0.266129457981386
0.875817744469185
0.363740016875667
0.405044824539239
0.054210569269122
0.802387864236901
0.120352655239567
0.383244365632182
0.963058585749501
0.481064221580077
0.167049991044705
0.357540140094953
0.665113385145140
0.470431914772108
0.387693753180883
0.698821274423423
0.633692913983806
0.722593030297474
0.162777769920778
0.992832157291859
0.800409926008624
0.318354090358296
0.659919740473814
0.183903616007373
0.139780892124298
0.065787247412739
0.131165735018982
0.154912714452908
0.896183112587865
0.657489018355258
0.465533180844753
0.162312570103590
0.533306762358782
0.829273197720420
0.567357394642829
0.587517332093565
0.631661061491659
0.687710049882396
0.970761697725748
0.594719646775499
0.168774271462473
0.137811688304791
0.952259786870452
0.833887656607613
0.608243603076899
0.339953539585673
0.532708930565374
0.241936516595043
0.062546569417485
0.695486700486153
0.234768673421242
0.862956495891771
0.013840790378787
0.894688414360717
0.046860111433482
0.153621682503085
0.960475661773456
0.178025846452464
0.308534397421654
0.856658773895660
0.835514864807723
0.774067578266406
0.018971343533588
0.368821627166505
0.603340775986826
0.586328738176417
0.956338959260070
0.235001837012825
0.274038787593152
0.927100656520156
0.829721484253985
0.442813059055625
0.064912344359286
0.781981270658775
0.276700715197577
0.673155947901847
0.121934810244448
0.809409645762951
0.915092464496890
0.184481379661933
0.504896345783442
0.149861137918132
0.047437875088043
0.518737136627891
0.044549551813188
0.094297986521524
0.672358819130975
0.005025213120983
0.272323833439650
0.980893216552629
0.861683987016643
0.107838697781711
0.754960794819035
0.880655330550231
0.476660324948216
0.358301570340200
0.466984068260986
0.432999283742625
0.593303407353025
0.741022855854138
0.360099939797120
0.423024891141348
0.183835914909763
0.425012284622068
0.205006161800123
0.460536630107340
0.098168232058253
0.326940972044571
0.269946275870291
0.013260696089482
0.511422351706504
0.774842621653733
0.163121834007614
0.558860227260208
0.293579757815963
0.207671385820802
0.653158213781732
0.965938577412599
0.212696598941785
0.925482047221382
0.946831793499566
0.074380585492766
0.033320745003093
0.701792587852940
0.955035916042997
0.509981069951309
0.060094157727479
0.422019983838322
0.942980354159596
0.653397565546165
0.163042839692460
0.303080293491054
0.076422456221852
0.346878754602223
0.728092578113122
0.281428618021975
0.807415384709563
0.826260810171375
0.608369590066545
0.077361660114192
0.839521506726519
0.119791941773050
0.852204282233587
0.002643340268472
0.678652169033257
0.145784039583888
0.210314726554935
0.331810382349328
0.111722616530826
0.423011325496720
0.257292429570710
0.058554410030392
0.497391911455147
0.290613174573804
0.760346997883332
0.452427827032482
0.800594244525113
0.820441156076473
0.874447811336465
0.743574598219048
0.473838721156977
0.037490650563264
0.046654891710102
0.550261177378828
0.384369405165487
0.774747469823224
0.831689795866464
0.191784789409388
0.601008279994600
0.440059385467348
0.269146449989242
0.440529786255457
0.559851327240398
0.121350731757167
0.443173126523929
0.238503495807994
0.267134771341055
0.653487853078864
0.570313878622984
0.378857388337542
0.076499178575584
0.827606308193694
0.437411798367934
0.573891090030731
0.118219482301837
0.197758795785605
0.026318916597552
0.918813726826950
0.018199951396417
0.900766727934017
0.662388325045997
0.492038672553393
0.938257378497281
0.709043216756099
0.042299849932222
0.322626783197106
0.483790686113662
0.873989645798686
0.514411573072156
0.084798965642601
0.314049030800373
0.783558023061398
0.525328751898058
0.873900358506432
0.904908754818565
0.968501878887649
0.112403853848765
0.172043525693958
0.621989731500852
0.682717732471748
0.550900914031500
0.698488910076436
0.510324040199781
0.988312712399435
0.272379999641506
0.628543522501617
0.186071508185040
0.298698916704719
0.547357249328567
0.204271459581457
0.199465644173075
0.209745573908903
0.696310132600511
0.137723022670356
0.918788790665003
0.738609982532733
0.460349805867462
0.402579476313004
0.612599627865758
0.974761378939618
0.487378442421266
0.926648658666130
0.758319401535354
0.012707193853663
0.800549016706901
0.663228155888258
0.981209072741312
0.912952871021327
0.835271682047877
0.603198804242163
0.595670603027414
0.386172595613716
0.301687713852938
0.105994643227195
0.374485308013151
0.574067713960105
0.734538165728812
0.560556816198191
0.872766630664825
0.281895414591718
0.764828275779648
0.072232274372239
0.491640988500622
0.461138407914498
0.209955297042595
0.410429778699963
0.199748389981570
0.670305103375718
0.813009255478629
0.812348017847328
0.645066481849675
0.300387697434233
0.738996676513458
0.403385883385030
0.313094891287896
0.539545692754698
0.066614038807626
0.294303964029208
0.452498563310364
0.901885720855503
0.897502768271371
0.048169166337777
0.288058316469220
0.199190481658648
0.154163809564972
0.662543624482371
0.773258195618753
0.888701975293784
0.223100440214900
0.646024825817917
0.170597389885503
0.987928715994548
0.718257100655817
0.662238378386124
0.449067123909046
0.928212397698412
0.072668157086087
0.648815513890616
0.598517500608469
0.885677412564716
0.461163531737944
0.243583982458144
0.186065109533288
0.200160207785741
0.646969865843174
0.499160000821184
0.739705900540438
0.713583904650800
0.793463964850392
0.192204463850802
0.615469625506303
0.690966732656102
0.240373630188579
0.903527941975523
0.890157214780411
0.394537439753552
0.566071565992232
0.663415409933503
0.283239414581675
0.789172006207133
0.309440235751420
0.453836804467177
0.777100721736020
0.027697335941576
0.116075182853302
0.226167845179405
0.955909733639988
0.188743339939389
0.874983359535683
0.554427234248457
0.074420752038444
0.336146890807965
0.798011216706602
0.260485861571732
0.536307098593706
0.444981082084114
0.759645862392916
0.276012998668483
0.158564986269253
0.553109827243308
0.468217462519285
0.774034611775556
0.244076559433749
0.708591092707864
0.677562553285417
0.134233773748499
0.103128531995755
0.243634118811988
0.797649184147664
0.386367947043091
0.032806124553460
0.107089419433423
0.840204751510268
0.809906846755141
0.134786755374999
0.956279934363570
0.036074691468885
0.090696488549326
0.145023273837298
0.911058051004567
0.645123722797783
0.219444025875742
0.247204941346871
0.443134939038723
0.479929887447474
0.783512039940577
0.888116021122837
0.239575749840390
0.059525038609060
0.046681007392090
0.792685577083698
0.527742501128345
0.820715619167646
0.036762136051786
0.236333593836210
0.498278172453064
0.170995910265947
0.339462125831965
0.741912291265052
0.968645094413611
0.725830072875056
0.774718416284173
0.075734513381372
0.566034824385324
0.584625262573653
0.210521268756372
0.522314758283233
0.620699954042537
0.301217757305697
0.667338032586192
0.531758005047104
0.946341480569142
0.886782058461933
0.778962946393975
0.389476419142204
0.366711945909407
0.562474986334553
0.277592440265041
0.606287695749797
0.622000024943613
0.324273447657131
0.398973272367834
0.149742525606296
0.144989066359116
0.435735408419620
0.386076119442506
0.643267238812180
0.606731318685567
0.725538245740132
0.385179530077232
0.575376412633516
0.451368318149526
0.159897945895744
0.651110926014889
0.017403142069188
0.744523208469396
0.861632194771260
0.539717900818082
0.365223162046272
0.162849952076958
0.207055932938613
0.896981167093376
0.109191432180438
0.093837990934885
0.675944113487352
0.498667851322642
0.460549936844292
0.238419099356243
0.776260291587683
0.066837632128428
0.860419124299855
0.100533738779153
0.465810904496261
0.010161649440490
0.245522805603930
0.901546313381543
0.396237769348658
0.888790044416110
0.508277631601448
0.121776014623128
0.273969574027681
0.083654044234964
0.573144332772654
0.433867519923424
0.734764970249853
0.590547475307504
0.178390727927159
0.596397165021113
0.130265375659925
0.543613890439092
0.759247117098070
0.337321308598538
0.440595057066807
0.868438549278508
0.431159299533423
0.116539170088498
0.367106400135488
0.891709236843376
0.354958269444741
0.143366691723171
0.958546868971804
0.215377393278935
0.243900430502324
0.424357773468065
0.225539043185086
0.489423236106254
0.325904086383946
0.621776812533744
0.378213280522364
0.834181717985394
0.743552827156872
0.652182854550044
0.917835762220358
0.316697159463864
0.086050374473469
0.652600732470211
0.907244634771368
0.264441102400628
0.248997897025662
0.037510009965631
0.808054992839720
0.008245013658071
0.374831318564169
0.248650049906527
0.876683562936580
0.805990618563253
0.365189219995024
0.243789962606407
0.697699854940968
0.720147489905426
0.387156654329578
0.656246723447110
0.935524883184361
0.631057085297563
0.080604496449514
0.161063925903786
0.120480320938155
0.406508582833460
0.782840738437530
0.498693601460519
0.240690300818854
0.526393565128741
0.150876456010564
0.158526062573551
0.843090725058266
0.236926830484032
0.811126795043762
0.750335359363973
0.501367932884660
0.060124691603763
0.787845369795265
0.309422925724379
0.068369705261835
0.162676687893773
0.558072975630906
0.945053268198414
0.968667306457026
0.923262195625930
0.188843230804821
0.666367160932332
0.643409685065695
0.575999885134399
0.322613884379442
0.578934568250056
0.207056969966300
0.403218380828955
0.739998494153842
0.327537291370117
0.809726964128077
0.522839232591372
0.826230892830636
0.050417264481269
0.049232797254451
0.977107348841199
0.208943327054821
0.892323522312717
0.214034178859570
0.020070122098583
0.642658881676690
0.715402112209891
0.080194813702346
0.430504251006294
0.024825037468609
0.148564519429842
0.593180938900067
0.582898013099515
0.093617787162595
0.561848245357093
0.506160208259784
0.282461017967416
0.228215405823763
0.149569893325479
0.858460903567477
0.550829290203205
0.728504461575534
0.065517873068116
0.954047671497822
0.468502955263715
0.393055164438232
0.763774635160237
0.991342187855086
0.219286057268868
0.814191899641506
0.040574985109537
0.196393405644406
0.023135226230666
0.932898507422255
0.410427584969638
0.043205348329249
0.575557388633284
0.125829696713867
0.123400162497256
0.006061639173916
0.150654734182476
0.271964681927098
0.599242578539645
0.733552747281991
0.365582469089694
0.161090823431076
0.239712955076114
0.648043487522771
0.389306229254839
0.389282848401592
0.506504390624587
0.940135519923705
0.117787309511466
0.572022263692702
0.894183190955866
0.586290265240842
0.965077428596596
0.657957825650441
0.577632452630267
0.184363485399803
0.472149724826286
0.618207437739804
0.380756891044209
0.495284951056952
0.551105945162059
0.791184476013847
0.538490299851862
0.126663333329681
0.917014172727714
0.661890462349118
0.132724972969259
0.067668906444529
0.933855144276216
0.731967551508903
0.801221653726521
0.299437612900249
0.893058374939979
0.040934608802635
0.947481100423020
0.282364603729157
0.430217457204227
0.453985490581945
0.222500123187201
0.548004767181354
0.026007754274648
0.116683313677406
0.134295031956534
0.991085182871244
0.774641139327847
0.711927484586801
0.175448667805385
0.246790863688472
0.330134922326605
0.556205558849594
0.742075815211086
0.881240867488664
0.347390034863441
0.280566114597286
0.007904200352684
0.264404207125494
0.942456576946404
0.140629173321942
0.332073114035685
0.876311720756959
0.872596724830846
0.133294767296545
0.175749333191546
0.765655099305164
0.174229376099179
0.123230433614566
0.048019703034321
0.604446833769068
0.577215924196511
0.270519826221522
0.152451600484760
0.603223678471159
0.387203140364589
0.286746632441295
0.594308860876741
0.161844279226774
0.998674117028096
0.769757528682126
0.408635143380908
0.328809038889040
0.325963087531721
0.150710958126332
0.210049905912043
0.673353122395162
0.431277072723618
0.217954106730388
0.937757329520656
0.373733649204361
0.358583280052330
0.269830443090680
0.250045369495659
0.231180004883176
0.403125210852886
0.425794702687205
0.996835104188339
0.577354586952065
0.549025136301771
0.044854806756999
0.181801420255472
0.126241060498283
0.315374633444182
0.334253020740232
0.729464738969442
0.702577773808771
0.620999653181527
0.323773599846183
0.864422053035545
0.619673770209622
0.093531128062648
0.273057195950792
0.948482809098662
0.419494215594369
0.423768154077124
0.158532715010705
0.092847337523870
0.855045226800742
0.376486821741092
0.030604667044526
0.228778875539442
0.735070101793422
0.300435110135207
0.478824245035101
0.966250106676598
0.703560320988093
0.904618948187967
0.963085210864937
0.280914907940158
0.453644084024077
0.007940017156275
0.462716328195630
0.579885144522360
0.323314650600457
0.796969349401523
0.309349883491802
0.025892423943566
0.417969002117388
0.633123483337985
0.890314477444773
0.037642771861350
0.726654611400633
0.163371672929903
0.986125581425673
0.146148826995002
0.587139827472689
0.144658295970717
0.238996164518872
0.442185053807769
0.521145117711809
0.269600831563399
0.670963929812873
0.256215219039570
0.570035942164266
0.149788174382312
0.222465325716168
0.273596262686698
0.054407122104618
0.185550536115445
0.554511170626856
0.508051206594357
0.193490553271720
0.017227498822486
0.087936350651056
0.516805204337838
0.814196848224009
0.397286234142858
0.542697628281404
0.232165849875736
0.030409717015182
0.433012105260516
0.269808622202747
0.757064328881476
0.596383778656080
0.255934203162759
0.903213155876479
0.183523605663108
0.400592499133475
0.142209319929690
0.625708659470877
0.921737616845284
0.411810151958750
0.296672588818088
0.177952835419193
0.981846094123016
0.446460763666062
0.400418161135362
0.255442356344053
0.500867885770680
0.585968697250806
0.809953527436570
0.008919091899376
0.779459250988187
0.827181026259056
0.096855443016093
0.296264454860363
0.641377874017403
0.494141677158951
0.838962083141767
0.873543723893139
0.524551394639794
0.271974188402283
0.143352345630225
0.281615723055608
0.868357967058363
0.399286548792984
0.184828878466426
0.051881572255810
0.799879047926459
0.327038198396116
0.677590231726687
0.721616664306082
0.738848350354865
0.974262821010436
0.899569500190937
0.720694444012220
0.420723584210837
0.299987660860637
0.976136800821934
0.921591469981517
0.885956358577104
0.786090327792843
0.930510562346555
0.665415609099630
0.613271353586238
0.027366004896986
0.961680063959994
0.254649227137980
0.521507682055937
0.800642146636100
0.128192950565458
0.046059076230069
0.072616334572721
0.271545296661344
0.327674799285678
0.940974301631085
0.670831845454328
0.512503677752103
0.992855873886894
0.470710893380787
0.839541876613880
0.670446105613581
0.192327557221208
0.578390226503084
0.644708926158356
0.091897056946483
0.299084670515305
0.065432509903532
0.391884718272781
0.275221470871578
0.987023979885049
0.277841076384225
0.061311798198759
0.917534541765943
0.943256685483855
0.674583151784997
0.944900546662929
0.904936748978187
0.929232378922977
0.466408228718866
0.705578895148625
0.057425329022773
0.512467304948935
0.778195230187008
0.328970625684117
0.840142104700274
0.719169531352431
0.999802471604106
0.352645781986716
0.712025405239326
0.470513364519232
0.192187658134935
0.382471510387245
0.662840921740439
0.770577885103681
0.027180436079940
0.754737979152584
0.069662555153325
0.092612945983472
0.146622696959704
0.344884026024902
0.079636925402860
0.424463773343928
0.406195824223662
0.997171467634463
0.367720458362121
0.080778975542997
0.942072013831731
0.272657206874647
0.010011354000313
0.408480242084935
0.978236102023272
0.067436683023086
0.920947547499532
0.756431331744618
0.396407309172865
0.761089651734144
0.475600863097050
0.396209780311310
0.113735433255199
0.187626267870714
0.866723144830541
0.305923091855796
0.570097778257959
0.529564066105319
0.076500976493815
0.597278214337899
0.284302044792241
0.146163531647140
0.689891160321371
0.430924741751945
0.491047557672042
0.769528085724231
0.855388515095873
0.897243381895704
0.766699552893033
0.223108972992333
0.978022357438701
0.708771566724764
0.495766179866980
0.988033711439014
0.117251808344038
0.474002281890252
0.055470393996439
0.038199355377908
0.230433613169209
0.451877703169304
0.799289007112053
0.706034476266259
0.848087483480613
0.913024440832913
0.893660744136973
0.714810627845493
0.218947532223047
0.463758521929271
0.244374693950813
0.295448508716863
0.061036735801509
0.528676738743054
0.441612040364003
0.750927896122880
0.959601480960660
0.932659598036045
0.520455981847111
0.814989995590872
0.829902979466088
0.287155534274483
0.038098968583205
0.807925336439128
0.995927100999247
0.533865148450185
0.795959047412481
0.113178909343285
0.007867429874776
0.851429441408920
0.151378264721193
0.238301043509646
0.303307144578224
0.950667272298908
0.944335519775904
0.151394627593176
0.863691712666159
0.837996263912877
0.866205255904331
0.082639244423546
0.301754785376487
0.110579949389482
0.378087753140408
0.362791521643657
0.639256688132536
0.819699793504411
0.113719417300876
0.598858168627535
0.752359391074795
0.634175399147987
0.413848164218407
0.582262370075221
0.921330933888131
0.451947132801612
0.390187706048688
0.917258034421717
0.985812281251798
0.186146752995507
0.030436943299341
0.993679711592235
0.037576193938766
0.181815208486195
0.231980754636219
0.340883338516989
0.132482480319442
0.176316273946462
0.492277966575827
0.996174192985601
0.014312537393678
0.358483222014496
0.078813436943485
0.316067323235826
0.469063171403978
0.456901190083894
0.678858844879483
0.108319859070852
0.276600983122644
0.792578262180359
0.707178028164049
0.028960373731777
0.426753661328346
0.121026191916795
0.611222743806999
0.348084594750816
0.572973324718407
0.001410449390025
0.265342628706872
0.558785605504543
0.187557202385532
0.295779572471874
0.552465316631117
0.225133396324298
0.477594780958069
0.784446071267336
0.566016735306949
0.610077261277510
0.960762345679459
0.058294701417114
0.606251453797450
0.975074883073137
0.416777923431610
0.685064890740935
0.291142205843303
0.885841094835587
0.141966080359167
0.970001050722786
0.994160953906440
0.418567063481811
0.762579312903145
0.701338981604827
0.447527437213588
0.189332973765830
0.822365173521622
0.058750180554926
0.537417568516646
0.395338497774367
0.060160629944951
0.802760197223518
0.954124103744572
0.247717832330483
0.098539769229730
0.506589419910027
0.472851228654781
0.576134550187799
0.291035491177363
0.038867963496068
0.186211810999649
0.251797836391161
0.097162664913182
0.792463264797099
0.226872718998637
0.513940588344792
0.477528155072372
0.518014925307601
0.399781682714718
0.619494235431540
0.488015975564726
0.393942636621158
0.038061298447690
0.250595288002209
0.095281617760324
0.485588735661278
0.439928261768039
0.917646791747607
0.544338916216203
0.977345830284686
0.312985289056313
0.604499546161154
0.780106027508204
0.267109392335224
0.852217378491637
0.878645796737934
0.773698812710912
0.325068607146418
0.454780346925734
0.064734303422614
0.363936570642486
0.640992157925382
0.316532139813775
0.461099236021330
0.433455422722481
0.543404858812413
0.975039824366122
0.910983577794853
0.061419783654353
0.374821507080841
0.530477813226393
0.549435759684740
0.768764143701999
0.568539111674083
0.800031047686949
0.864045761462322
0.054127847335361
0.239959309454988
0.781692552744268
0.598466763551564
0.217305139274013
0.094677841800581
0.202966309712718
0.997411166782217
0.361787234135804
0.055183687738694
0.876056963520151
0.135486046381055
0.380252294885112
0.330837309980224
0.200220349803670
0.744188865993260
0.971829467905606
0.516752489617445
0.205288101548929
0.405284890162426
0.060157348429857
0.180327925449390
0.316268467957279
0.121577132084210
0.555149432530231
0.846746281183672
0.671012891768950
0.323913575766568
0.415285392392094
0.471043939455898
0.187959337228890
0.469413239727455
0.711003248910887
0.969651889973158
0.067880003279019
0.928308388184900
0.064329731308077
0.270846312991738
0.925719554967116
0.426116965909543
0.326030000730432
0.801776518021606
0.561603012290598
0.706282296081205
0.132613827536168
0.761823362559929
0.450471161608804
0.104443294976113
0.278575851711713
0.655759263157732
0.509728185604200
0.338733200141570
0.836087188607122
0.825996653561479
0.460310332691441
0.391236621137353
0.672742934279490
0.131323223994730
0.715150196903921
0.088028326205922
0.602367163450628
0.903109534132811
0.557441566399039
0.313370411895854
0.872761424105969
0.625321569678058
0.241678800080753
0.937091155414046
0.896167882669795
0.167398354582208
0.363208120857928
0.222197882934566
0.969174872603815
0.924811133614188
0.928480179015771
0.101788699674322
0.686634495708456
0.378951340158913
0.206231994650435
0.965210347420168
0.034710602850984
0.715960180254635
0.303943547561738
0.870797791923768
0.541956833350452
0.764253880253180
0.262034412595459
0.214699767164281
0.895577104247910
0.977184609499380
0.302728093835864
0.497944267698538
0.880294143632191
0.860169660234903
0.811314679594391
0.753055567272499
0.485491229447299
0.052993479209483
0.690146722220884
0.381659111651433
0.220391833791692
0.053354843078812
0.603856994585999
0.189566705929845
0.978165976693000
0.532337173601769
0.291355405604167
0.664800471935794
0.911288513760682
0.497587400720263
0.630010818890301
0.945999117077328
0.213547580509236
0.933954366452039
0.816796908535434
0.755504414325349
0.698208246239558
0.078831320665233
0.970204181489630
0.593785350487468
0.056015929698952
0.272932274859833
0.091729617720344
0.936310073331143
0.133101934629074
0.903044297314735
0.689365640137981
0.618593164076374
0.956037776989880
0.379512362358865
0.000252275262145
0.176429610315910
0.432867205437677
0.604109270313806
0.365996316711417
0.411033181665015
0.136446443449914
0.657351722315583
0.075833653135148
0.047734956744935
0.154939122570185
0.705844472025449
0.993734073822263
0.368486703545082
0.639798838477488
0.810530981892036
0.123991117404770
0.338007084251385
0.889362302557268
0.094195298428738
0.931792434738852
0.945378232721881
0.367127573754232
0.023522051993535
0.881688305587363
0.500229508383306
0.926566349773931
0.571053945725343
0.118822672459680
0.882604126298150
0.950566308084208
0.119074947721825
0.059033736148399
0.383433513056223
0.723184218035631
0.425030052859816
0.794466694721238
0.859630661485545
0.082381775175399
0.870300347856386
0.907365618696141
0.237320897745584
0.576144819416173
0.901099692052742
0.605807601290665
0.215943657428000
0.711630673944778
0.729798718695435
0.553950742145046
0.600992976036385
0.823994017589834
0.485743176418237
0.546371208292605
0.191121590878405
0.509265228877433
0.428059513879968
0.691351099261712
0.435831578185703
0.999113459605311
0.810173771721392
0.318435704018192
0.949679767223857
0.929248719908879
0.377469440166591
0.333113279814419
0.652432937478848
0.802499493492069
0.127579974069996
0.512063598964393
0.884881268667468
0.997880321926382
0.419429217194873
0.122202165947390
0.574025140876893
0.320528908781954
0.728009767703717
0.789968798770555
0.032159582261070
0.457808485933490
0.343919540449939
0.633152558763117
0.281802503057664
0.829662716868176
0.179523766590061
0.472924093936069
0.338927945279948
0.607583280470028
0.164275193197781
0.774759523465652
0.606696739609678
0.974448964919173
0.093195227018183
0.556376506367874
0.903697684362390
0.470664667650435
0.889489786182293
0.556130621841238
0.273164160676843
0.017069759786627
0.068194220339970
0.158045428878649
0.014950081247347
0.487623437534842
0.280247594826039
0.588975222589902
0.808152346316796
0.008257362064094
0.378944020894796
0.840311929043528
0.466065848463246
0.722863561344735
0.473464487340983
0.747868351520909
0.552526277747250
0.652988253931044
0.220792445456978
0.891454223492860
0.260571534401072
0.385067638654759
0.666213746492850
0.867268274010750
0.359516603108270
0.759408973976694
0.423644780378623
0.263214287470660
0.230073641161469
0.313134566095255
0.819344909311899
0.503237801838311
0.330204326347543
0.887539129651868
0.661283230716960
0.345154407594891
0.375162566721049
0.941530825542999
0.934129630184793
0.183314912572184
0.949788188072754
0.313073650613927
0.023626841150050
0.415854036070338
0.035937211493001
0.497091328491034
0.163722387125586
0.588463489705913
0.150079582422077
0.384514832582564
0.479917712733111
0.410651116823149
0.769582471237323
0.146131458760300
0.277919390368238
0.129099074345594
0.905540432736995
0.701564170746861
0.392313361816254
0.135614073432802
0.014698736842116
0.211658270662491
0.638851875271114
0.344903063189659
0.099197399848698
0.300135105522412
0.690057470784549
0.474359966569748
0.241665931065411
0.624187100969342
0.657674879141932
0.191454118672504
0.937260751583269
0.681301720757644
0.607308154742843
0.973197963541931
0.178393048783016
0.771030541868429
0.561661452782183
0.328472631205093
0.155545374450993
0.041579165049633
0.739123748028243
0.925127845688317
0.187710623809933
0.017043138396481
0.054226919568249
0.093251056546928
0.718607309143342
0.446540281384504
0.228865129979730
0.733306045985457
0.658198552046995
0.867717005716505
0.078209108709455
0.757395951895693
0.167852110773256
0.768266579959666
0.231755917999780
0.409518041838667
0.392453680463346
0.889430797607373
0.600972160511172
0.329714431580954
0.570732517899355
0.208280314788353
0.302912394657225
0.749125566682371
0.979310857122443
0.864573847439407
0.077598197887465
0.134856231107775
0.906153012489040
0.816721945915707
0.059984076330431
0.093863636298973
0.833765084312188
0.114210996364342
0.187114692845901
0.552372393455530
0.560751277748845
0.415979822825631
0.285678438975326
0.218949829795840
0.283696828076475
0.363887548150442
0.976345781691533
0.451548939315392
0.132154127644447
0.208101699691313
0.861066981154060
0.524607808107793
0.097532496833025
0.462039141665231
0.854322239688748
0.668265014732380
0.670319456453584
0.157234634345972
0.417390580949090
0.649630313110366
0.021808481319718
0.494988778836554
0.784486544218141
0.927961494274420
0.311710724752262
0.844470621014233
0.021825130107731
0.145475808598788
0.958681617378575
0.208939822953632
0.697848202054318
0.519432894661758
0.624919645779263
0.983526641495305
0.738382724457599
0.908616474321399
0.347414189180086
0.714728506149132
0.360165413171130
0.479568316824533
0.922830205840445
0.221232393859528
0.004176124466665
0.020362702207809
0.683271535524759
0.858498364155413
0.688627716940189
0.353590991978343
0.015732998035724
0.106018297423617
0.003221304623047
0.037541479821103
0.601007076725833
0.787707849306850
0.965502974095523
0.912717801478094
0.632178469855421
0.987328104203254
0.058193609611221
0.590860086768335
0.196267926691225
0.756041812131201
0.110292980964432
0.821187572470488
0.739568453160845
0.848675705887692
0.729804046326226
0.086982641875270
0.563404211571163
0.089969459031694
0.566550958699803
0.486234416945947
0.311201853356884
0.570727083166468
0.506597119153755
0.994473388881643
0.429225446856220
0.195224835628283
0.348064380394325
0.444958445357605
0.301243133051900
0.351285685483034
0.482499925178708
0.902250209777733
0.138993534324222
0.448002898808570
0.814968010790166
0.771172004179643
0.435331002546163
0.873161620867048
0.362032090482317
0.631598929237388
0.629203432532588
0.472325071446749
0.452786501242214
0.368771885227771
0.321000776868780
0.182590547568440
0.455754527103042
0.884404988439942
0.272560006600134
0.022305485337184
0.370639404920228
0.583761859957018
0.593032568503652
0.877236524073983
0.578235248838661
0.022258014894211
0.072461359236604
0.926299629232986
0.467216460251816
0.373704492754165
0.277585314250358
0.949716385430524
0.275954702066237
0.416578848574580
0.397719283773433
0.090922712856402
0.187750852288562
0.833050286319596
0.964084333723450
0.549782942770879
0.464649215091322
0.593287765790377
0.022108014217628
0.917435716799198
0.962059651018148
0.343108791086408
0.100026263901976
0.417814177655528
0.227513779526350
0.372586270502110
0.440119662992712
0.598153184446578
0.956348130924789
0.033152231030703
0.475389708520560
0.534583379297789
0.055410245924913
0.547851067757165
0.460883008065113
0.522626706642391
0.921555560511330
0.738468322781133
0.472343091607254
0.197510262577566
0.155047170890051
0.870062375846348
0.288432975433968
0.342798023644275
0.703112661700283
0.252517308691757
0.892580966415154
0.167761876791605
0.845805074482134
0.914688980632782
0.085197593125141
0.807864725034621
0.257797771719190
0.185223857027117
0.225678902224488
0.485311551245540
0.557810127529227
0.665798565217200
0.083464735226456
0.514158257988355
0.698950796247903
0.558854443747017
0.048741636820483
0.754361042172816
0.106705511504181
0.509624645351258
0.276987748349545
0.028261071549850
0.248092967666729
0.749330840422460
0.225771334127417
0.403140138556780
0.619393215803147
0.514204309561385
0.745938162201055
0.322505877037768
0.766721618253142
0.638519128616210
0.490267753829373
0.612526692269615
0.553208108783331
0.575465346954514
0.420391416838575
0.811005880502521
0.760689203981631
0.646070319063063
0.296317431282400
0.318499331510858
0.311868883814602
0.379782166974518
0.832657589499214
0.010819679596843
0.938636610721534
0.881399226785358
0.765180722235321
0.045342121760055
0.391023871670954
0.042168470119205
0.073603193775566
0.639116839337683
0.791499310541665
0.299374527902982
0.042256977428802
0.410892525879150
0.813578837930029
0.788195140095518
0.733398403382580
0.580300455717510
0.426714268246067
0.223666156746292
0.192827147987125
0.979922377029398
0.799131504166467
0.613218564825700
0.790928257531919
0.559820707682437
0.259288883888763
0.087245688348657
0.878320039193295
0.571157767703364
0.467027855323175
0.710977628692508
0.581977447765869
0.405664466044709
0.592376855012205
0.347158169535528
0.451006587804764
0.983400726683159
0.389326639654733
0.524609781580330
0.622517565555180
0.180825950196397
0.823984309948974
0.664774542983982
0.591718476075548
0.637563147413341
0.452969682613839
0.325116878992467
0.217863602665189
0.879683950859906
0.548783036204420
0.410690750652315
0.859606327889304
0.347914539905225
0.023909315478014
0.650534584955561
0.907735247587662
0.283198199366777
0.737780273304219
0.786055286780957
0.854355967070142
0.204808128627393
0.497032915007804
0.436333414370349
0.610472594672103
0.089409769554348
0.783491583905877
0.061479182011205
0.072810495771845
0.172818223560610
0.586088964057196
0.695328061327025
0.353644173757007
0.410073273540509
0.360102603845346
0.945362649832555
0.047636420488188
0.813072286924847
0.270479528825022
0.265500023153378
0.692756237319091
0.819262565029442
0.676190774271354
0.552362564742734
0.167177104469006
0.700100089749368
0.202897149232634
0.074912351591006
0.983298289116145
0.940677423002514
0.860967638371963
0.837654255720626
0.145485551164246
0.358000552914106
0.273987670090975
0.755958145836349
0.447410322468453
0.057479253531191
0.817437327847554
0.520220818240298
0.230297477091801
0.403526291439089
0.215548879101662
0.583941650848809
0.813599564979598
0.575651483412670
0.529304300681364
0.861235985467786
0.388723769871855
0.799783829506386
0.126736008621164
0.081480006725285
0.619046394070166
0.802926782892517
0.633842571933680
0.786223498539172
0.503026872176224
0.836739721166314
0.861135850130178
0.486325160826708
0.777417143703167
0.722103488502141
0.323979416081672
0.922902694867413
0.080104040950585
0.597967086172647
0.678860840238100
0.527514363884700
0.655446340169500
0.496298168085654
0.047735181659337
0.885743817261301
0.899824459524743
0.263284061226660
0.469685468110109
0.713424024504341
0.838935544639330
0.998989768791473
0.574660009506466
0.227659314045524
0.798773597832198
0.701396018127630
0.309139320770809
0.417819991436703
0.504322800554485
0.942981892704490
0.204043489510214
0.007349672265048
0.779721613870804
0.065179339174730
0.493674833091756
0.557138757108310
0.787282827676871
0.817654249639089
0.480041451975723
0.867386869093118
0.415621335346075
0.158902291748162
0.394901232512156
0.071067675049914
0.655200459833816
0.442636414171493
0.956811492776876
0.555024919358559
0.705920475398153
0.426496960421324
0.268448943397239
0.544856019571822
0.425486728747136
0.843108952903705
0.772515333617346
0.224260326113673
0.544504971031335
0.081654654388155
0.642080317550376
0.048827771120159
0.024636546626983
0.846123807060590
0.056177443850868
0.804358160497788
0.911303146235320
0.549852276942624
0.361496917606097
0.698585973912192
0.367506526116052
0.841538369581820
0.565972842539648
0.783127861927789
0.000440660864320
0.960874075051804
0.854195536977703
0.655641121163797
0.403510488757636
0.811007029288917
0.210666040056695
0.109430964155789
0.237503989244580
0.479114983453935
0.654286983727611
0.662990717991717
0.322223935891978
0.426802317344957
0.887251044105390
0.866728906923313
0.508456971733112
0.529331361190105
0.915556678509133
0.533093518360096
0.375455167785033
0.971734122360001
0.337451678857883
0.286758314020354
0.521586398836964
0.698948596463980
0.985344287932545
0.889092925418677
0.540486965580139
0.551317130006532
0.672220786880805
0.540927626444459
0.512191204592675
0.526416323392846
0.196568747142595
0.915701693350310
0.337423352681763
0.407234787199290
0.025132657040438
0.574927341926343
0.886349770653224
0.679419641233710
0.237918059918060
0.208573706545203
0.106221958113006
0.125169103557788
0.075302613002855
0.614678929846119
0.654500465213554
0.990859291511988
0.147772447740553
0.029955632532926
0.962593413406328
0.485224126598436
0.316713946553280
0.484179812243292
0.184172722596756
0.302058234020163
0.373272737196308
0.724659688176894
0.853375364026695
0.045493523611451
0.265587314621353
0.365566568153709
0.571909847004297
0.462156061763948
0.281268261504019
0.909333199686060
0.869390849428899
0.306400918544457
0.484260541612404
0.755740619616462
0.985820559778167
0.722178601530464
0.964314326161665
0.092042517425512
0.847347705088252
0.039616939164520
0.706721447271631
0.501848169836145
0.030476230210846
0.854493895477845
0.531803802834732
0.993069644082836
0.339718021610620
0.848517749388012
0.477249455860466
0.523890744673037
0.150575983408175
0.850522193056774
0.248550432384270
0.003951346969209
0.896015716668226
0.514137747005624
0.369517915588579
0.467925563206862
0.976293809235233
0.650786177092598
0.377258762892922
0.845684658198471
0.957187095637055
0.861519304505326
0.601425277349271
0.943007655415222
0.583697905570128
0.565739603510937
0.035050172375073
0.431045610192719
0.605356542675456
0.741771620112365
0.932893780494525
0.635832772886303
0.596265515124549
0.464697582863596
0.628902416503477
0.935983536735169
0.313215331785947
0.106151871898282
0.459874280942545
0.463791315194122
0.956674064955057
0.708424713792477
0.467742662628993
0.852689781157621
0.222562460332439
0.837260578217572
0.320615344364483
0.198856269102011
0.488046754844508
0.697874107257404
0.044540926834820
0.445233850015902
0.559393411297069
0.645966204649753
0.388241504965463
0.143091316401535
0.211705807695028
0.423291677806197
0.574136926594254
0.817062350370485
0.165063297452900
0.507030706623118
0.452895122791126
0.761328812577449
0.971728289486714
0.081797539294603
0.697312348846957
0.284943621272661
0.187949411192885
0.157186629789503
0.748734936466783
0.144623476147942
0.865611343581980
0.216477598630114
0.997313257305563
0.088173803448758
0.053738176382025
0.317928601204384
0.287030073016430
0.541784931226533
0.015802707996128
0.331570999851251
0.987018781708097
0.575196119293196
0.977537204501004
0.375260286207898
0.718287435694732
0.189243011730371
0.798551964014094
0.292424362288986
0.006305361635194
0.963615261466994
0.799455068912103
0.459200484891981
0.724944073578782
0.771183358398817
0.540998024186584
0.422256422425740
0.056126979205817
0.728947435379469
0.579443052215242
0.804861915672599
0.873570911527412
0.445054395331561
0.021339514302714
0.870884168832975
0.533228198780319
0.075077690684738
0.188812769571698
0.820258271796749
0.616862622376933
0.204615478033487
0.151829271648000
0.603881403619368
0.779811597326683
0.129366475683342
0.979141689827266
0.498099033021414
0.318609487879374
0.777693653841360
0.790523395310400
0.324914849514568
0.741308914842694
0.589978463756842
0.784115334406549
0.466252988421476
0.361161821689998
0.325113358127472
0.888509410847216
0.417288800895814
0.054060793506941
0.467952462596797
0.222150716568414
0.927631705034353
0.913006857928357
0.243490230871127
0.798515873401666
0.446235056243015
0.318567921555865
0.987328643439025
0.266493328039764
0.935430543932799
0.191944121006850
0.418322599687764
0.539311947086506
0.971755718333533
0.547689075371106
0.518453636913772
0.469854750889286
0.866298563250480
0.296147290289471
0.260378145734024
0.191213412765047
0.037456204666503
0.850356609956527
0.975328747171596
0.503709193087979
0.211518431180864
0.300442105299068
0.392218603469533
0.628807232542339
0.354502898806009
0.860171066066330
0.850957949110753
0.282134603374700
0.773177923529026
0.094448179516219
0.080650476776366
0.219412979772041
0.413016101072084
0.067979119749730
0.485906307811805
0.348446645004883
0.259923240756580
0.904228907499569
0.887758592091388
0.231678958624452
0.451917982405013
0.406212228539499
0.701533709979399
0.318216545655493
0.702359518828969
0.961911855713423
0.509429958420540
0.739815723961133
0.812268465204289
0.484758705126475
0.243524916583451
0.023786896385153
0.785200810425543
0.635743520518645
0.652594128927493
0.139703708765890
0.495914586119314
0.503552077572584
0.421838312606252
0.269092509648340
0.598000257088803
0.502488789382618
0.488505489420381
0.011016357695226
0.570467909132348
0.974411797232186
0.359463002700109
0.830391149888929
0.878640704266094
0.247221594791497
0.062070108047719
0.330558686205446
0.653433823330996
0.763603818027118
0.648775231860939
0.355793342159965
0.725515673740541
0.158205189815818
0.095609065655437
0.537784138479170
0.642963895407954
0.339133982238888
0.561571034864323
0.428164705367836
0.974877502757533
0.214165163326154
0.567868414599387
0.470792088876847
0.717717240898738
0.989706727205639
0.739884598525187
0.315717497521880
0.492195516122596
0.228390087479907
0.326733855682767
0.062663424789283
0.202801884246432
0.686196858382875
0.893054574678212
0.081442588046865
0.933418453174372
0.955124682725931
0.412001274252311
0.586852276505368
0.718728500753049
0.060776506113250
0.942645618665333
0.444244174027929
0.218981695929068
0.038254683855108
0.982028312507099
0.861945591337022
0.377388666093996
0.543599347371421
0.290110296704858
0.352266168851529
0.757764510697576
0.857978711304245
0.823058257728377
0.475481751596314
0.847685438044223
0.562942855787902
0.791199249118194
0.339880953701158
0.791332943267810
0.117933104335299
0.402544378490441
0.994134827514242
0.804129963183836
0.295598952702991
0.075577415095445
0.737548415892547
0.250723634963261
0.487578689347756
0.324400691932254
0.969452135716310
0.548355195461006
0.267046310131925
0.413696309278578
0.767336891855736
0.305300993987034
0.395724621785676
0.629282482727097
0.682689660546691
0.939323969157098
0.919392779431954
0.034955828932559
0.697088479389012
0.777371490270538
0.858014086660936
0.172570230519665
0.625056927849099
0.420956941983177
0.963769480103519
0.964937881550257
0.212289884785325
0.081702583973157
0.367482259575036
0.206424711833906
0.885832547156994
0.663081212278028
0.282002126929351
0.623380963049541
0.913804847706950
0.769580816277108
0.947781654981795
0.883256982957598
0.317936011738114
0.214827965113720
0.296953292236176
0.085272903128189
0.520128959100754
0.692677914021852
0.714555385855285
0.202818619181783
0.632001882713289
0.633948165287240
0.237774448114342
0.329090361636640
0.411319655092116
0.095788534309617
0.501660592621966
0.036376582941216
0.516745476292793
0.465430072259824
0.001314464025812
0.729035361078119
0.547132656232981
0.368796724066509
0.935460072912024
0.432965203389975
0.031877935878876
0.217462199375714
0.056346165973854
0.945682783585825
0.987043016118483
0.004127820489988
0.828939766543424
0.304979027390936
0.218955785603708
0.125893058313938
0.390251930519124
0.739084745170122
0.818570972335791
0.104807315908748
0.941903364351906
0.450572854583418
0.738755481195988
0.179677812466248
0.779663216220058
0.150075136288104
0.275466346775864
0.281323808376362
0.186451719229320
0.792211823534319
0.746753880636186
0.187766183255131
0.521247184146776
0.293886536869168
0.556562907321641
0.456707257058801
0.726851740259142
0.588440843666178
0.674169456434515
0.783197906232997
0.534123626786342
0.661212472087337
0.787325726722984
0.363063392864104
0.966191499478273
0.006281512326692
0.488956451178042
0.356443429531736
0.745366257496814
0.307527423048172
0.461250745906146
0.687269621383059
0.758100277631590
0.200006226636472
0.866947433849307
0.537763493851648
0.350081362924576
0.142413780625171
0.819087302228011
0.536533082153896
0.934625604159490
0.565841182864197
0.724299265874689
0.455872787840605
0.859727719733365
0.280862172730669
0.912580044899406
0.586579459526846
0.869303016396846
0.586749501333921
0.369777365294181
0.403426643183188
0.247961972955597
0.157103091551505
0.766490036047292
0.214153472433869
0.163384603878197
0.255446487225334
0.570596901965606
0.908750861375011
0.562973910273506
0.031847647406090
0.596020482758070
0.321074187905097
0.231853874508223
0.462967916141715
0.858837681756745
0.581935237432800
0.605381696766886
0.677924983519094
0.118468319586696
0.540007300460715
0.243766165917630
0.842767585461385
0.995880088766981
0.103493885185334
0.123629757726393
0.908460133200726
0.690073344712180
0.992932774588900
0.495209634068985
0.059850709540700
0.396359417306427
0.743171607490243
0.216953801557866
0.162849452888057
0.957325079924113
0.380338405436062
0.418295940113392
0.527921981424057
0.289089266811073
0.981269850852559
0.559769629295808
0.885109749569143
0.302344038291995
0.791623503804032
0.348077665245197
0.161181719583078
0.373558740771170
0.953459362477744
0.839106703102173
0.492027060357866
0.493466662472797
0.082872869019803
0.334794645353590
0.489346750774117
0.186366754205137
0.458424403545644
0.397806883974842
0.876440099382978
0.451357177668883
0.893016518043828
0.936290808923678
0.847716594975310
0.636188125068409
0.153244610015882
0.010566047397706
0.593513204526861
0.533583015917606
0.428861987976759
0.121435185950918
0.822672282728680
0.410131838363657
0.681204815246726
0.707782031832161
0.712475876655651
0.472828318585096
0.055859696611697
0.873657596238729
0.846387059356266
0.009319058623779
0.712764298875241
0.338414119714133
0.502785721562237
0.795637167895044
0.673208765067723
0.992132472336354
0.982003922565842
0.131633168147706
0.389939355845535
0.858444021483159
0.582990345816589
0.282955873889362
0.794734829941175
0.430706940326238
0.919143998957772
0.947979440422719
0.441272988189605
0.512657203484633
0.481562455874664
0.870134976166363
0.634092389435550
0.304234738137682
0.280266814064359
0.315297204216615
0.012016769504182
0.992742690720010
0.788125522801711
0.067876466115879
0.866400286493078
0.634512581692316
0.077195525205320
0.579164584902657
0.972926701406448
0.579981246767557
0.374801752797701
0.646135466474172
0.572113718638250
0.356805674897882
0.777768634621878
0.962053074949446
0.215249695915379
0.360758980438467
0.245008948373147
0.009984525390893
0.791465920764704
0.164152946865257
0.957963965813613
0.232738908488648
0.676810150349890
0.439526421222615
0.102873884189350
0.310902539319779
0.743761159360298
0.383140698253708
0.626199743536394
0.755777928864480
0.375883388508057
0.414325265872444
0.823654395446020
0.242283674535474
0.048837847564760
0.900849920651340
0.821448259903792
0.021764548505547
0.480831166953235
0.196250012235832
0.667900014979718
0.052944885125824
0.553055687133714
0.445668649601596
0.014997959609608
0.768305383049094
0.806427630040062
0.260006907982755
0.778289908439987
0.597893550339105
0.424159855313674
0.736253874253600
0.830632459293414
0.100970005197902
0.175780295010554
0.933506343482764
0.411872544983343
0.919541454836513
0.316647041736472
0.038072288054075
0.675319383235331
0.692530430244529
0.452397554392180
0.498973778215690
0.934814105245664
0.501235401956940
0.399823698401369
0.756262364683795
0.522999950462487
0.880654865354604
0.952512376919627
0.190899965442205
0.933599750946089
0.505568063587680
0.636568615043801
0.948597710555698
0.273873446171113
0.442996244618202
0.208604618538453
0.052163354145439
0.040889794491646
0.632764473852126
0.788417228399039
0.871522253785060
0.733734479050028
0.964197523875254
0.805028597267824
0.145607023567710
0.883738978246105
0.121675638538634
0.183679312087446
0.559058361015775
0.814206068783163
0.636076866479626
0.058032139231466
0.749020173563166
0.137312267970905
0.457855837632835
0.505282537781299
0.660312218433391
0.338510702987439
0.457794914235265
0.851212183875596
0.272110453467868
0.963362977822946
0.487780798453736
0.220708163557904
0.237236423528398
0.930777043071937
0.429312782096357
0.289399778139498
0.971666838029244
0.062077255482821
0.077817006072876
0.843189091348643
0.795811734998511
0.042014529482468
0.648217688150805
0.941418758566221
0.925753507728574
0.769893326689440
0.125098070188005
0.484811868744349
0.584099395472603
0.761174936667632
0.542844007975815
0.333119568570107
0.898487204638537
0.000699845142988
0.838402106817068
0.558799423071928
0.339210548130428
0.296197020586672
0.410011606481863
0.611321001598295
0.259559998409618
0.897792405401260
0.832029165621860
0.496796421938015
0.828569448007536
0.261341947252556
0.786196200077513
0.800236285571119
0.323419203201038
0.864013206616050
0.643425376919762
0.119230937733888
0.906027736098518
0.291643064604906
0.060649695834447
0.831781243827092
0.061536391294345
0.185747766488114
0.316593112105780
0.645635786766948
0.946922703155746
0.859437120081595
0.978755355337055
0.845409907794283
0.860136965224583
0.817157461688461
0.404209330400550
0.199347513355011
0.113354482275133
0.814220936882412
0.810668514953306
0.372914480684751
0.712013341818011
0.642697680109505
0.869710902622766
0.540582789825547
0.904039627827722
0.655907102700280
0.340819074931005
0.227458830563100
0.519920308850669
0.984244451850766
0.346689768296988
0.425948044483526
0.275887516455672
0.407339464131435
0.257729287844957
0.337423907750018
0.593087230619549
0.574322399950736
