5000
0.374372244521218
0.859843828650119
0.724597164301480
0.045573627597454
0.685740155952862
0.114124067180848
0.045075894354412
0.194588927177055
0.048469611000488
0.169729600273878
0.783217013712608
0.352260719217481
0.134067629060739
0.036761682032031
0.723122051788085
0.776164073392825
0.603648405803204
0.139531340049361
0.276217544579980
0.127439808159806
0.737239947420191
0.512523786403483
0.984365880016408
0.248416858840928
0.338846536511018
0.429441105774344
0.567415482163157
0.587698967004055
0.180644020522313
0.557923361918853
0.999951475765533
0.555016265043531
0.417767190103311
0.724548639601352
0.600589893106646
0.103507345590511
0.838672707247861
0.645665787461058
0.298096272767566
0.887142318248349
0.815395387734936
0.081313286014513
0.239403037465831
0.949463016795676
0.118074968046544
0.962525089253916
0.725627089722840
0.721723373849747
0.102056428837616
0.001844633837158
0.849163182009553
0.839296376257807
0.514368420706302
0.833529061560300
0.087713234633074
0.853214957217320
0.262970167334643
0.655128716796231
0.440913923755714
0.443614187856956
0.213052078249423
0.440865399521247
0.998630452900487
0.630819268352734
0.165414038656938
0.599220345541472
0.734326613943245
0.004086745439138
0.244886132536869
0.032422886245150
0.891229064153148
0.060281520271805
0.113736172259662
0.130632101153318
0.009744536601819
0.231811140306206
0.093157189941573
0.735371626790320
0.953534514621615
0.195213618779189
0.737216260627478
0.802697696165507
0.034509994571335
0.251584680868119
0.636226757725806
0.122223229204408
0.104799637619778
0.899196925060450
0.777351946000639
0.545713561841153
0.342811112451745
0.990404024715724
0.986578961362401
0.341441564886571
0.621223292602796
0.151992999553677
0.940661910893704
0.355549906546040
0.156079745458476
0.185548042964911
0.387972792791190
0.047308809145963
0.245829563236716
0.501708965516514
0.177940910299281
0.255574100304197
0.733520105822720
0.271098100240854
0.990945727094517
0.687054619978673
0.466311719020042
0.728161987256334
0.489752316144180
0.500821713591377
0.979746668590115
0.125979073404325
0.623044942795786
0.084546305744232
0.025175997999113
0.400396888330764
0.630259867585385
0.367987110450858
0.390800912580826
0.616838828482124
0.709428675337429
0.012024205183622
0.768831828501463
0.650090585765471
0.367574111729662
0.924911573959939
0.835638629196043
0.755546904520852
0.972220383105902
0.081468191967098
0.257255869571704
0.150161292939522
0.337042292271295
0.990775975860085
0.421259393180376
0.327988018900150
0.677830595373097
0.887571112200418
0.056150006156485
0.167582911051616
0.388392825326134
0.035896674280938
0.293561984455940
0.011437767656258
0.120442980025170
0.318737982455053
0.411834655987022
0.750702848076216
0.686725092905911
0.802635569033509
0.367541676092679
0.396153768243340
0.814659774217131
0.136373504128481
0.046244353543149
0.182233885481131
0.061285077622759
0.881882982739193
0.937780790001983
0.033505460263000
0.963351175171952
0.195036659573688
0.183666753202522
0.300393466977586
0.185812634968112
0.604926146382897
0.628381486343398
0.863643230341209
0.492497258117654
0.684531492499882
0.031226141392824
0.880890083443788
0.720428166780820
0.324788125848765
0.892327851100046
0.840871146805990
0.643526108769479
0.304162507087068
0.591573994416545
0.330251201209729
0.106798075654916
0.959115670974886
0.726404969453069
0.921457849872046
0.095489174637706
0.772649323461880
0.103691734887516
0.156774252726126
0.654532305735411
0.041472524423838
0.190279712989125
0.617883480441702
0.236509183997525
0.373946466657308
0.918276947884949
0.422321818965637
0.978872613040205
0.546658433762686
0.285965049306846
0.471369871157859
0.231189925796906
0.317191190699670
0.352259954135986
0.951618092577727
0.641979316548435
0.244587805236032
0.792489238918055
0.285505424852253
0.548750312323100
0.384063233334601
0.615756626527643
0.655548387978016
0.343178903843825
0.342161595515051
0.577006237384400
0.438668078481531
0.114810918511269
0.680697972271916
0.595442331207656
0.769343224712342
0.722170496695754
0.785722044662443
0.387226704688383
0.958679681158941
0.159668510854090
0.305503652107671
0.381001499658917
0.138541123428634
0.852162085870356
0.666966548965763
0.609910994586493
0.083352011201601
0.984157739665433
0.962170949188141
0.034970103313667
0.626137056213867
0.206758753958512
0.827459342697384
0.911642481066120
0.755509066281612
0.211522575566323
0.527399107128102
0.411057453793966
0.554701479410148
0.869560703108814
0.988063691178366
0.993369557891679
0.984371621620083
0.668761662984622
0.588811889099335
0.753714845866763
0.390932159214715
0.374533933296117
0.140941550555146
0.349611839907994
0.534202444150207
0.446445202662817
0.730613340032573
0.672743567578841
0.298607288533173
0.397579888532674
0.282654562165334
0.381959299734775
0.381737628198107
0.244825510887814
0.416929403514103
0.007874683946313
0.451584264846325
0.244388745745825
0.919517165012433
0.207093330662275
0.455911321312148
0.446916272140535
0.618150784456241
0.010612800256635
0.316476974783687
0.606214475168946
0.003982357682652
0.300848595938109
0.274976137687907
0.592794246781987
0.054563441804873
0.665908296902621
0.967328180078104
0.195504992360019
0.015520136810616
0.501530623762650
0.641950195022835
0.746133476843188
0.174274191341491
0.940557483556009
0.143713364910201
0.456928753506825
0.322516783290783
0.525450993108307
0.701754264394638
0.739446186804886
0.533325677054620
0.153338528775302
0.983834932550711
0.452842842067053
0.360431859437577
0.439746253397198
0.899759114207588
0.978582643893819
0.450359053653832
0.216236088525614
0.584797118597104
0.454341411336484
0.517084684463723
0.859773256285010
0.047135658118471
0.571648126268596
0.525681552721970
0.014463837730914
0.767153118628614
0.541201689532586
0.515994461959225
0.409103313651450
0.287335165910113
0.690268653300716
0.349660796741797
0.431048531285975
0.147197406341879
0.672177580032580
0.956499524394283
0.848951670736518
0.411623766371805
0.489825201448903
0.002290199046158
0.395458698456855
0.942668043515956
0.362722058483736
0.835204951854052
0.842427157257883
0.341304701911893
0.285564005042223
0.058663245317835
0.926101820508997
0.739905416844369
0.575747929781558
0.785875076328346
0.787041074962840
0.147396056050153
0.311556628584655
0.801504912693754
0.914549174678768
0.852758318582903
0.317499374187318
0.323652487864556
0.140093484027355
0.007768027022373
0.673313285072014
0.571142015313330
0.154965433364252
0.345490864638933
0.527641539707613
0.003917103635109
0.757114631476400
0.017466740690855
0.006207302681267
0.152573329467593
0.960134784206811
0.368929361165003
0.987778281787307
0.802561940999032
0.710234063076896
0.273342286363869
0.861225186316867
0.636335883120231
0.013247702742576
0.436973115632764
0.422210958982916
0.800288777705416
0.584369171682917
0.733767588033233
0.601793690399171
0.498918346361685
0.586525906150474
0.919293064586489
0.822570834226241
0.726619390177829
0.927061092074523
0.495884118832594
0.297761405491159
0.082026524973114
0.841374983937188
0.825402945198772
0.085943629073884
0.598489614947927
0.842869685889627
0.092150931755151
0.751062944415520
0.803004469630776
0.461080293385815
0.738841225737166
0.605566410164147
0.171314355997049
0.012183512101035
0.466791596015353
0.807650239582942
0.025431214843612
0.903764711648116
0.229861198100197
0.825719993014690
0.488133883331033
0.963628786133429
0.427513682948199
0.987052229692718
0.550154691818242
0.346806747069027
0.809623063453298
0.276774081996071
0.273867838677889
0.305507182285891
0.574535487487230
0.355894364116664
0.146882165757419
0.399938432220341
0.441837993190548
0.745371780705346
0.242808117644306
0.533988924945699
0.496434724655205
0.045812586809421
0.995069218331515
0.235275950392371
0.651378996973568
0.166383574328564
0.247459462493406
0.118170592523259
0.974033813911506
0.272890677337018
0.021935303705714
0.203895011546041
0.098610669886046
0.510069187036748
0.167523797679471
0.526124352834245
0.497121416263805
0.717678489497713
0.872931100368933
0.306744479717102
0.994452571493784
0.146798938581161
0.612251662002994
0.568988058515353
0.502693302697825
0.759133827760412
0.968926490735694
0.944531295888373
0.504505608000097
0.211734607914339
0.478520220834073
0.000940332189640
0.257547194723760
0.473589438699926
0.236216282582011
0.908926191697328
0.639973013028490
0.483675745075418
0.027096783754927
0.614006826474334
0.756566422878097
0.049032087926302
0.817901838486037
0.855177092764143
0.559101274963050
0.985425636165508
0.381301445598389
0.056222691226854
0.703104125197560
0.254232545501661
0.362967170943956
0.697556696691344
0.401031484082822
0.975218832946950
0.266544754741036
0.903724787246308
0.734352660241701
0.235471245476730
0.848256082669020
0.238858267776136
0.447205853391069
0.326776303037431
0.239798599965777
0.704753048580491
0.800365742203018
0.476014883013449
0.613679239812158
0.440338754765847
0.959690628088867
0.640776024032745
0.054345581240182
0.716257050501302
0.689808111959048
0.872247419726219
0.571434143265446
0.248909386456436
0.857673055426065
0.952735588863835
0.305132077683290
0.560777180157964
0.206968133899834
0.668099248627247
0.258333876383646
0.607999617982656
0.643318081108536
0.524878631590343
0.511724404763302
0.377670740884575
0.760349877067073
0.359980487432322
0.616529008660712
0.207555729992481
0.686756790469753
0.856327609092150
0.912308778572971
0.487122532207110
0.332342491639938
0.525988018385129
0.927461287438619
0.292033119263143
0.166764041952213
0.981806868678800
0.008290169764445
0.856572153911261
0.854054287939358
0.579724313029891
0.105481539902036
0.711727342899762
0.532459901428064
0.410613618050988
0.272504522592064
0.739428035327898
0.078712866212573
0.530838399441372
0.347427652844893
0.722030947786770
0.055717030566054
0.859152058073856
0.099701688205684
0.816066907633127
0.219132545040516
0.716230697332057
0.023622637159947
0.905889335510269
0.572558305958546
0.935931416198579
0.393011867717380
0.904900797598483
0.461919434118047
0.320473154690337
0.196933916395965
0.628683476070260
0.302280022903476
0.205224086160410
0.485255629515860
0.156334310377172
0.784948399190301
0.590737169417896
0.868061653276934
0.317408300152704
0.001350787003222
0.140566175403337
0.056836335014941
0.080063653681457
0.671404574844709
0.404263988325495
0.802094601468227
0.727121605410763
0.263416045933690
0.901796289673912
0.543188512578229
0.482548590974206
0.618026986540308
0.566811150203837
0.388437926018814
0.190585292033192
0.502742565936755
0.781449793736194
0.095486089166014
0.964662000054802
0.101922947960870
0.292420006027641
0.593345475659401
0.404202970864346
0.497644092188051
0.078601104709600
0.560537281241518
0.282592491378352
0.669338274127496
0.428598934052791
0.600000791531057
0.670689061596379
0.569165109921789
0.656837127011659
0.750752715277836
0.240569684300837
0.061101114871493
0.552847316280402
0.967691290177261
0.324517160805183
0.454643605488652
0.510879802289829
0.807065751779389
0.072670592028960
0.077690952028004
0.195503677332543
0.263255884062152
0.580433517964759
0.976953471534398
0.358741973693828
0.545095517553899
0.078876419029607
0.651161979721469
0.138440992747639
0.483079390359614
0.148806071443859
0.217042097457239
0.043616671135471
0.431398562822211
0.886380372050395
0.472215605653923
0.031399354353267
0.557069433181113
0.041380715110051
0.688236481364927
0.307822147993288
0.281950399410888
0.749337596236420
0.860669464273690
0.249641689122488
0.073854756575941
0.315313069296681
0.760521491877977
0.880920508355331
0.387983661325641
0.838212443905981
0.076424185222212
0.651239545853454
0.418645961870740
0.053377656290949
0.009981519081621
0.963741479424639
0.132254075786217
0.661143498803090
0.102182472172278
0.615333466145831
0.809949570246949
0.319224569629517
0.658950137281301
0.241348133069160
0.205604941214251
0.131165742469563
0.272747487422427
0.762674374395364
0.172546457579614
0.960983968787353
0.070496521922991
0.454496857456163
0.710321564558112
0.931165986196681
0.704138546578651
0.784176321134053
0.246479055493362
0.464660037990967
0.665096829023723
0.634462716819003
0.302872481896948
0.741521014245935
0.285702262206796
0.721518443767688
0.794898671002546
0.295683781288417
0.685259922726666
0.927152746788763
0.956827280091507
0.787442394898945
0.542486212468932
0.766776850338456
0.106666964528461
0.201436349284573
0.008124982941954
0.312271905742712
0.332602092219797
0.280872470364381
0.074946280138076
0.505148549799411
0.241856438686073
0.145442802061067
0.959645407255574
0.952178003244185
0.076608788257748
0.663783953834225
0.736354323912577
0.323087843751110
0.128443991359530
0.401451152470639
0.957550560570113
0.431316473256478
0.142972166250913
0.243252822776908
0.152834916558505
0.937870837253458
0.538936604065325
0.838094839750833
0.865023583576560
0.495763884156832
0.625537234184117
0.407509795579831
0.262540734029627
0.732204198712578
0.608946145330065
0.270665716971581
0.044476104455290
0.941548237549862
0.551538187335962
0.119422384593367
0.446696786883612
0.793394626022035
0.264865186654434
0.406342194139185
0.745572628800558
0.341473974912182
0.070126147507749
0.481926952247474
0.664561818663292
0.198570138867279
0.883378104718112
0.622112379233405
0.629886612589418
0.026350270503364
0.865365202010314
0.782721529147924
0.964221108222483
0.404301805609978
0.620816368433096
0.829244691333382
0.900065689766810
0.246353602617212
0.236754486913213
0.162606423330776
0.978557801329791
0.845700632243278
0.433272140302356
0.023033905319420
0.787248869327479
0.984810327638318
0.142456289912786
0.233945655745429
0.778204953194691
0.407321477032882
0.640287849884614
0.523777581529588
0.748795451945064
0.710413997392363
0.005704533311401
0.413357270608357
0.908984136725303
0.889082638029513
0.035469649376101
0.538870748849060
0.915432908998538
0.900834851386414
0.321592277531322
0.879654016755360
0.305136656530731
0.942408646430079
0.708898707623081
0.205202346297541
0.188762248581630
0.945653194536293
0.367808769628317
0.167320049445760
0.791353826313910
0.801080910396334
0.190353955230840
0.578602695175727
0.785891237568991
0.332810245143627
0.812548351386817
0.564096190763682
0.740131722176509
0.452836200805770
0.087873771827609
0.488927174121573
0.163250198198133
0.093578305604671
0.902284444729930
0.072234334457775
0.982660943634185
0.937754094106031
0.611105083306835
0.898093852167062
0.838588945026784
0.932697360838157
0.777747868456760
0.143725601091853
0.875106006802575
0.486646576079841
0.348927947389394
0.063868254918544
0.432299770150473
0.716736717483372
0.231188304829965
0.223653596464383
0.517817627414045
0.421542260060805
0.802256291640110
0.303708864517374
0.754352505204432
0.614804642561267
0.867805055281057
0.494484227380941
0.067640843367037
0.955678827574327
0.983411401502514
0.230891041565170
0.049257132713337
0.885695845766783
0.303125376022945
0.031918075881860
0.823449939407152
0.914230459329779
0.930011928514583
0.662038883968274
0.846927819702275
0.707759796505682
0.805764485060128
0.722033826504850
0.194406372119862
0.154692432449522
0.785902081423393
0.626706142735996
0.871429149932894
0.017090385787697
0.850359739200380
0.389246776881277
0.438632645848502
0.652616030374829
0.692955641398651
0.192985151052934
0.267420672936095
0.560760696679708
0.687469378433875
0.335061516303132
0.516439523788374
0.670880779470727
0.565952557868302
0.565696656501711
0.556576624771849
0.869077933891247
0.597614732383571
0.380026563713339
0.783308392755365
0.527626660432493
0.042065447215953
0.630236211991979
0.235386456938175
0.847829932276080
0.352270038031167
0.429792829058037
0.002522364259941
0.138172119454561
0.056498971328372
0.873951514192834
0.155262505242258
0.906858710528751
0.263198290608450
0.593895151556421
0.559474740903580
0.956153932472763
0.786880302609354
0.826895413839675
0.516914628686809
0.474349680577568
0.161956929677146
0.033354152009522
0.145230459582634
0.727909487545448
0.599050808511232
0.701807084354482
0.596987420971034
0.196665540429142
0.081833647602160
0.380295813260738
0.724292201327296
0.123899094818113
0.010532024787055
0.959678658265471
0.971729027094193
0.362802063283884
0.389471486857846
0.974251391819795
0.500974182738445
0.445970458651879
0.848202905546968
0.656236687980702
0.352829168714969
0.111401196155418
0.250131839071462
0.912303909618549
0.067555128162520
0.037012141215155
0.739199322992563
0.584469756849329
0.511361821792723
0.901156252669709
0.617823908858851
0.656592281375356
0.629065739749496
0.216874716904422
0.358399365264177
0.226053160254868
0.413540257333564
0.440233012866337
0.606348973515606
0.137832458195199
0.564132107684450
0.616880998768323
0.097511115995008
0.535861134778643
0.979683062052207
0.486982603318516
0.510112526132778
0.480657244324990
0.932953061970395
0.358315431214085
0.136893931840031
0.285782230219702
0.469716627369503
0.387025771377154
0.198086139838251
0.537271755532022
0.424037912592309
0.937285462830814
0.121741511915690
0.935399734850693
0.838441715500523
0.739565420774541
0.591992015760388
0.467507454784358
0.956440137678962
0.950391381490227
0.693560615504887
0.369980395012526
0.390624393890903
0.299909588554832
0.507812853207725
0.954756502041014
0.916790587323155
0.605323969668394
0.490617636353996
0.896473648909700
0.092306572521248
0.000730162021113
0.377130892769029
0.025259634025981
0.359045593235197
0.514024825074721
0.311041864245684
0.828762221070361
0.901050596451876
0.509128004083935
0.366033976136723
0.325088508578524
0.446413466914749
0.487775488518074
0.260488242963556
0.284855181949611
0.227340908826953
0.852480259189606
0.752362636733969
0.183781046505915
0.802871640214171
0.445923251773195
0.553761441518442
0.193496033639412
0.745832840793688
0.061574294260505
0.148252535214765
0.662623427651182
0.666898263928899
0.638870171568762
0.559097076560881
0.759204836450147
0.639600333589874
0.936227969329910
0.784464470476128
0.998645927290733
0.450252793938971
0.095506334721812
0.827408147895433
0.351303389925185
0.604634338805747
0.193442123566494
0.676391898969371
0.051047805254836
0.681217612084568
0.936880141932927
0.335902987204447
0.908558521377183
0.789360400656872
0.088265623938416
0.092339567417437
0.592232040405381
0.534188875711611
0.646101008935879
0.785728074510455
0.280021716039638
0.707675303196383
0.933980609725220
0.942645144156481
0.374573567125282
0.572850781293982
0.501742220251701
0.133778403109768
0.212451114418195
0.437970189115950
0.918242874051557
0.211097041243267
0.888222983520582
0.013749208307708
0.038505188673039
0.239526372980106
0.618383547113456
0.231947312705194
0.915918271949477
0.669431352833952
0.913164924789763
0.852798413882404
0.005334339572738
0.821723445701284
0.642158814073614
0.093599963511154
0.914063013118721
0.234390854478996
0.627788839688426
0.560164021588938
0.020118928523790
0.907810555728064
0.267839324785322
0.954099538249010
0.850455699418884
0.642412891910604
0.526950319077331
0.352197919204923
0.776191295020371
0.739401433961187
0.790168108786535
0.694434168606267
0.950498475204454
0.678391091841455
0.708183376913976
0.989003664343154
0.917917464821561
0.326566924027431
0.220950976582687
0.833835736771038
0.995998276861384
0.134115900906788
0.686634150187780
0.001332615968461
0.955839347073734
0.328792963795733
0.094932579945276
0.869902359726793
0.563183818274729
0.722721419633702
0.430066381315732
0.583302746798518
0.630531974896105
0.697905706101053
0.537402285047529
0.480987674314989
0.340318597545996
0.064352603659198
0.833185593519912
0.116509892100706
0.803754037620385
0.623353701840785
0.810944061172634
0.754252512824839
0.301744793216579
0.519127437620949
0.743256176702332
0.219662258038140
0.845694361648380
0.964207153285019
0.053497994343516
0.841692638044102
0.098323053726146
0.740132144531297
0.843025254478224
0.054162400334218
0.068925107861369
0.937957834423500
0.924064760526672
0.632108926601759
0.660679253591541
0.354131141376743
0.215411672934616
0.291211228021985
0.052036847012135
0.752813957982144
0.772198902336973
0.392355444558130
0.817166562107004
0.605384495856885
0.508865336658836
0.620920599261727
0.228738197232009
0.319809397365809
0.375173111620905
0.530482990914249
0.838936835452419
0.118429287857576
0.750145248952389
0.684631196635138
0.082636440676933
0.803643243295906
0.526323834679240
0.180959494868740
0.543775387361541
0.369349088691803
0.235121895202958
0.612700495222910
0.307306922649642
0.159186655263969
0.244809421359007
0.967986176241183
0.513317796640712
0.460221094759284
0.259197403797506
0.565354643652846
0.213035052275767
0.031396306134479
0.957710088210977
0.030201613917109
0.636780801991364
0.466575424869813
0.651122213644498
0.865518999223373
0.786384822235622
0.026295324799742
0.396001989671961
0.625321657222380
0.144724613122979
0.146147238158689
0.309952853857518
0.227361053799913
0.949790481454595
0.836276688536758
0.408320548668653
0.493565868350475
0.205625776762900
0.643442444337272
0.106266363573385
0.512932699412542
0.802629099601241
0.351075784932392
0.480918875188063
0.315946896241953
0.811296879691676
0.740116278985569
0.881301539894800
0.024331931967443
0.771512585120049
0.839011628105776
0.054533545884552
0.408293386645752
0.305587052509928
0.705655759529050
0.273812385869125
0.091971874279888
0.731951084794454
0.669814375541086
0.717293531967929
0.876675697917433
0.815961614165437
0.027246385359786
0.104036751251685
0.765752095154371
0.863523073896544
0.512357300385999
0.259317963504846
0.069148850193782
0.155799744257610
0.365584327078231
0.582081549606324
0.958428843858852
0.716660112010622
0.063000424328726
0.274375739635143
0.527956991702298
0.803116703314295
0.155677279529943
0.552288923669741
0.574629288434344
0.994688907635719
0.606822469554293
0.982922675080096
0.300275959679985
0.312478229083343
0.256735060483560
0.392247833959874
0.044429313412136
0.926549436490307
0.109541365462142
0.921105011329569
0.742511050190083
0.136787750821927
0.025141762115593
0.508263144878793
0.000310824252810
0.537499062501592
0.767581108383639
0.069459674446592
0.693298806759202
0.133165434996209
0.651541224052916
0.651727650618054
0.849825547472493
0.714541648381642
0.926103390253197
0.377782538709129
0.517658351695937
0.081780669317479
0.930071462378870
0.092287639664620
0.076469576487536
0.536893931467502
0.075210314279054
0.376745536167522
0.849372160550846
0.331945375228275
0.768993370593057
0.893801473962982
0.258494811252921
0.878534736055198
0.814906484826890
0.001005860977343
0.015322486877126
0.840048247408144
0.509269005856136
0.015633311129936
0.377547309444075
0.276850114239776
0.085092986042189
0.070846116203277
0.410015549235984
0.736634210095105
0.722573766821331
0.259841096242816
0.451175858476747
0.648677156608867
0.637623634951945
0.968834210172684
0.730457826392007
0.567695096865154
0.061121849371643
0.806927402879543
0.104589028332657
0.136332163650697
0.183672939047065
0.953961188883503
0.468277538878972
0.952666309640122
0.847762662846484
0.726772350131894
0.831201045229659
0.662669147207713
0.727778211109237
0.846523532106785
0.502717394150196
0.237047216965373
0.862156843702382
0.880264704059933
0.513897331205149
0.947249829744571
0.951110820263210
0.923912880441133
0.683884039374014
0.673684586618880
0.183753976683949
0.135059897385100
0.322361742762086
0.821377611635894
0.103894107092123
0.052819568688432
0.389072708501049
0.165015956463765
0.859746972033636
0.493661736833705
0.301348120580124
0.043419910615040
0.447622925251547
0.769625659459096
0.996086220255162
0.295385587632370
0.496398009590990
0.827287265019159
0.958054735305745
0.224176220234566
0.673810797125944
0.460772128990280
0.461223437199939
0.535967640362665
0.341036832584551
0.975120768405088
0.483217469641574
0.292147652382100
0.899033648846221
0.167101508549928
0.965832239000980
0.082787625064509
0.302161406400689
0.288193981763066
0.904165236700403
0.406055513492811
0.341013550451497
0.293237944735791
0.571071470422238
0.200760522019472
0.786899681569496
0.872419591002362
0.244180432634512
0.234522606821043
0.642045249995797
0.240266652424013
0.529908194453413
0.138443259121125
0.067553917443172
0.487962929293496
0.362619479821352
0.741364714569116
0.948735058749437
0.823842917021291
0.277332354466120
0.289771890868327
0.798963685426379
0.760549824107694
0.581919543716088
0.697997333806938
0.927651332657622
0.547751782251406
0.780784958871447
0.229812738592649
0.835945764014472
0.684950195106189
0.635868252551122
0.176959314465969
0.978188140307641
0.206939722507698
0.377719836485442
0.765087821411475
0.079359313044399
0.621900269585615
0.999610428232518
0.721404563040195
0.862166922009628
0.529518622685931
0.859847822626982
0.929720839452800
0.017481551513766
0.222467301982673
0.671085553556255
0.966216610263203
0.046310218538302
0.948417908022375
0.255988501131529
0.845273903964681
0.708967731664408
0.837908044847617
0.543271237305957
0.636619064322030
0.385659826633362
0.324056195711743
0.866431802914679
0.221605590647834
0.009006390817932
0.502300055000139
0.398564905113804
0.987194531125573
0.709239777507838
0.776284741599245
0.752282352071387
0.788599090552236
0.398185010719199
0.751892780303905
0.510003653592432
0.260351932728827
0.281411402524175
0.369851475753752
0.190072771715965
0.298892954037941
0.592318777736425
0.861158325737882
0.265109564301143
0.638628996274727
0.809576233294595
0.521098065432672
0.483902900239408
0.518543964959003
0.359006109814628
0.027174137079704
0.155163028815371
0.744665936447990
0.351230333257108
0.021594831264389
0.966271527095824
0.360236724075040
0.523894886730190
0.364836431743967
0.347431254734952
0.233134663772366
0.141121173343212
0.099713606340677
0.021733754324603
0.539306184062411
0.851606386644582
0.531737407917034
0.799658116791238
0.133017788703096
0.901588883670787
0.989730888972865
0.431910743206698
0.493907660941550
0.850889214245085
0.697020307507841
0.132536656750616
0.660465447074019
0.218118372474852
0.616439556990024
0.179009411567361
0.577124482289480
0.643613694535388
0.334172440382732
0.321790418271809
0.994844027792497
0.355767272112783
0.288061945367633
0.355080751401876
0.879662158842973
0.652898377111600
0.702512006136827
0.112796822149678
0.794019550454812
0.802225612477504
0.134530576474280
0.333325734517223
0.653831999122087
0.666267984391315
0.132983850842800
0.786849787825183
0.567856867596440
0.122714739350004
0.218760530566219
0.061764528072329
0.973603953595089
0.915780838074061
0.194301185288607
0.634069400669108
0.133899210083251
0.810740742278630
0.813078812236469
0.711023692372732
0.454354436348357
0.147251252619201
0.032814110644541
0.449198463675193
0.503018524731984
0.320876056012174
0.804279215077068
0.382680683109295
0.973774433123774
0.506791220748234
0.495477505258973
0.767793983578586
0.309016833225739
0.630008082198914
0.101119717630148
0.962848832347826
0.296276066124568
0.234103568472948
0.749698619707347
0.864132934186669
0.356818308288613
0.968459150739228
0.925897462258999
0.330422261418040
0.884239988347627
0.120198647081944
0.964491662087148
0.018139198430879
0.930939389826236
0.777570474323617
0.729162890803610
0.385293825708932
0.924821726942818
0.761977001448151
0.834492289849786
0.427840251209140
0.082853056994664
0.638771504461193
0.810520934318435
0.056627490118438
0.145562725209427
0.305998439111746
0.824421473697024
0.454579558435166
0.936006521310660
0.925541191327172
0.417428390317330
0.232282587435228
0.159644759334458
0.167127009559016
0.096415521156236
0.516463067623071
0.135586159832583
0.022312982949574
0.846885329506772
0.019826148180210
0.142511630497180
0.811376991128259
0.037965346611089
0.073451019857754
0.588947464986214
0.767128237414699
0.458744845566687
0.513769191463370
0.529105238862850
0.293237134950812
0.941609442672510
0.611958295857514
0.932008639877666
0.752130376525284
0.668585785975953
0.077571364621432
0.058128815637030
0.493007259207315
0.532150923056598
0.994135336947690
0.418548450068826
0.949579313373929
0.226417923917257
0.578193209868946
0.116706322467283
0.322833445073493
0.094656277026355
0.252292482765528
0.345146428488729
0.941541606533128
0.272118630945738
0.487658058985909
0.752918597661386
0.310083977556827
0.561109078843663
0.341866062181939
0.077212214505864
0.019853923944688
0.855635254110971
0.606317453368715
0.313091059361161
0.797244696317820
0.218275749226229
0.245099698773166
0.549375072843104
0.886861535202182
0.322671063394598
0.607503888480134
0.379868794409497
0.854821986451196
0.601639224962163
0.798417244478323
0.804401299359464
0.828057149345082
0.376610453881608
0.921107621826747
0.150890593952914
0.471266731373624
0.173400104126614
0.496037022441643
0.412808337441091
0.445518735072351
0.983695081427551
0.165726934636816
0.755602712629178
0.544804159805553
0.507592997284417
0.832814927600704
0.564658084215903
0.363228250929726
0.439132380503757
0.877749143577064
0.160472946781885
0.657408129729986
0.122848841884569
0.709848019624989
0.544269664932168
0.445519905279167
0.317351907639462
0.924138459341665
0.300341891264702
0.918991133067287
0.722555703354327
0.104743190158505
0.747048281946708
0.099166157235934
0.025850811519591
0.897938875899622
0.570432888609559
0.199250916111866
0.393975898341265
0.983241226050649
0.644769651184217
0.377670979303155
0.148968160687465
0.400372363813395
0.922475139574369
0.656561157971882
0.233187290948437
0.487133223324611
0.019789408435947
0.672319671452194
0.364882366436013
0.180262355217832
0.329727801182181
0.487731208320582
0.890110375308483
0.873997466114348
0.933251113599749
0.207462282482284
0.798135924990352
0.233593004398790
0.126453415083910
0.520691627879018
0.338336194557294
0.873501697030618
0.619857785114952
0.364187006076885
0.771440572930239
0.190290673258850
0.563437922188750
0.165416470805843
0.173531899309499
0.208207573372967
0.543087450108997
0.322500059996964
0.608579937186362
0.465562589217705
0.979061217968846
0.841767228134799
0.952695812542316
0.998850626404793
0.514086899121332
0.317578178512667
0.179112981156964
0.843814700303513
0.805309386833249
0.069223355999786
0.717812165952200
0.738560499967337
0.276685638947732
0.515948090476891
0.972153504366127
0.403139054031642
0.036639718355909
0.310489698457760
0.276640751062259
0.656497503470861
0.674676705000306
0.048081323526838
0.846788177195372
0.238114626723395
0.213497794332680
0.020320076039210
0.446322200096362
0.756585244441678
0.342820136036174
0.054902136817063
0.222147833659382
0.321881353539359
0.896669364951863
0.174843645736037
0.320731979478491
0.410756264073195
0.492421824714365
0.499844960635456
0.254570963911047
0.297731211081953
0.569068317100903
0.972383130328908
0.036291711049290
0.845753956048635
0.488331220340138
0.008445214949756
0.248893009614615
0.524970938696047
0.318934913873177
0.525533760676875
0.181468442166908
0.993611618873482
0.573615084203712
0.028256618896619
0.231726245131216
0.787112878536392
0.048576694935829
0.678048445693240
0.543698122978070
0.391396830972003
0.732950582510303
0.765845956637452
0.713278184511363
0.629619947462166
0.940689602373489
0.034010163524193
0.040376211069699
0.433111426622193
0.533855124159649
0.294947174980746
0.730842638169808
0.102923440794890
0.267330304843993
0.767134349219098
0.948677396843525
0.755661525649792
0.775579564168853
0.197570406458141
0.280632463880178
0.094514477576369
0.723104167135015
0.462100906047086
0.088126095984190
0.296719251338727
0.490357524943704
0.319852341581067
0.083832129409459
0.538934219879533
0.997900787274307
0.627530252387528
0.930331050851536
0.730851369318949
0.393376208559319
0.643609234897238
0.360471316315453
0.334065810932808
0.677619398421431
0.400847527385153
0.767177237555002
0.211474522581079
0.695794702831560
0.498019875259148
0.314397963375970
0.963125007675553
0.265154224012585
0.263075360219495
0.718786532859684
0.040733788181438
0.460645766677636
0.999418997205523
0.135248265757807
0.183749933346990
0.461519902786948
0.223374362207658
0.480469184685717
0.951877428196313
0.543226703788725
0.564301314560837
0.490811647610186
0.541127490597371
0.191831566482704
0.421142698461722
0.271978859450658
0.585207775507685
0.064751932893299
0.632450176231773
0.919273586440493
0.742371331780390
0.033297703151264
0.686450823529833
0.953845854361470
0.729092405982824
0.184470698788981
0.268243817271778
0.692217413658377
0.449624922801566
0.531319177491273
0.411003946052400
0.490358710983004
0.991964944168909
0.410422942792262
0.625606977206472
0.175714877515898
0.871942846044871
0.848981339414130
0.656184062201615
0.823820273775524
0.392208042737193
0.220485376296791
0.314631920920048
0.933335533334564
0.412316943245156
0.735774619381770
0.205314392319561
0.997524718752841
0.800526552740730
0.837764568551334
0.916798304727673
0.542897884055459
0.871062272168259
0.603249127791845
0.496743737951267
0.600154677685422
0.787719826580826
0.764987555223046
0.292372090878138
0.237344749382392
0.296306732714319
0.703376037396200
0.727703460365396
0.288271676417567
0.113798979722801
0.353310437106206
0.463986553933465
0.985741825767673
0.202291776054675
0.120170616135081
0.809562099077535
0.594499818791868
0.340655992431872
0.124194019997583
0.527835351660771
0.752972935677028
0.859968639379353
0.733149744445993
0.750497653964207
0.660495191654421
0.570914312531666
0.667295958226219
0.203393075244219
0.441976584234264
0.270545086018064
0.700136813195486
0.042131261919686
0.058264912133228
0.465124368418532
0.334503352797825
0.295609661515620
0.761431101132851
0.037879389728363
0.023313121881016
0.049702777084756
0.151678369916826
0.376623558987222
0.513689331483883
0.137420195218837
0.578915335507558
0.633859947618963
0.946982294762033
0.173415153833765
0.974515940050835
0.071176314293955
0.701250505960197
0.727488875727863
0.931144953673307
0.434400249940530
0.477986529226409
0.591640145327728
0.005314562006534
0.145282487452627
0.795033220571947
0.447291146706460
0.415827573470691
0.495170033767433
0.489422408626146
0.474092485603919
0.960294402185965
0.823925761423970
0.769702147585201
0.721725502853154
0.861805151617995
0.793015269466217
0.771428279937910
0.013483521069160
0.169638827987778
0.285117610956131
0.150903716287996
0.748554163495337
0.918977558575094
0.097886010584368
0.921969317794763
0.893493498625929
0.169062324878323
0.623219823289299
0.620982373888130
0.100207278551630
0.057620072764168
0.098968902648878
0.691847423879359
0.062934634770702
0.244251390101505
0.486880643985644
0.510225781477162
0.660078963572196
0.982050677753077
0.999648190103307
0.134171449176116
0.942345079473381
0.823573951527278
0.903873596761317
0.664070581860873
0.685379102679612
0.696888865761873
0.435498861798783
0.698862623748771
0.866527693749651
0.720616472754915
0.849766340036768
0.615081857244988
0.639594031330009
0.947652351086797
0.537051174574090
0.533087529490277
0.116714675499459
0.160270997397728
0.154069902912746
0.216921954051089
0.217891070161895
0.253038805561624
0.908769377930448
0.280825704932597
0.497290196128790
0.395650021916092
0.791051486875420
0.157369159235325
0.377700699203508
0.790699676513066
0.291540608411441
0.320045778676889
0.614273627574683
0.195414204707096
0.984116360537762
0.299652729788633
0.892303070468969
0.419615221870884
0.998515353537405
0.758830764218620
0.140231694625798
0.848281693574172
0.373912620997947
0.779825725955807
0.795934044195308
0.910963795572037
0.312913254980423
0.912648719694767
0.071234792504103
0.466983157893169
0.129570673745857
0.289125862665999
0.720021963454793
0.038340051210644
0.569951567598596
0.217312159117922
0.433990073126736
0.361003054008355
0.374681318818909
0.811690772795906
0.151702730521421
0.666221927230350
0.131736551007133
0.765976358096104
0.861636132403107
0.115852911079234
0.065629087884738
0.753939202406415
0.535468133415779
0.064144440956481
0.512769966159374
0.675699828041578
0.912426134530653
0.886682587157321
0.455525553531724
0.708360178260300
0.797646382263697
0.768438808512147
0.621008897955068
0.868881174767800
0.235421965939655
0.750579571700925
0.158007036968138
0.955443929394448
0.788919622911569
0.727958605032395
0.172756088512370
0.222909696038305
0.088961658575089
0.547437407331279
0.034600468368549
0.240664389096510
0.213659334095968
0.166337019375682
0.006640747192614
0.075295466033414
0.282189930454916
0.072269835077352
0.829234668905490
0.817658063870695
0.136414276033833
0.342004634599204
0.493357891446612
0.048840410564486
0.228687221756525
0.948883444978336
0.757200588824786
0.026333603554561
0.717322253024821
0.378209486314193
0.895214778788022
0.952744218964476
0.128789057549457
0.053221815290498
0.908188148358924
0.917708680926686
0.781180420322893
0.080944236405634
0.140618376499330
0.870142079363643
0.628381643736913
0.175218844867879
0.110806467994492
0.842040977832880
0.341555864243561
0.117447215187106
0.917336444331955
0.623745794698478
0.189717050264458
0.746571112771784
0.441403858569173
0.326131326763952
0.088575746905327
0.934761750015785
0.374971737328438
0.317262968661852
0.883645194994121
0.132172325687563
0.343596572682074
0.600967447553280
0.510381812467418
0.238811351004434
0.553711666517757
0.639170870016874
0.292033166294933
0.461899814411020
0.556879550477899
0.073213586617826
0.542844050816653
0.697497926977229
0.943355665981469
0.171225694087905
0.872716771845108
0.054162133510300
0.013266671455124
0.214272635623008
0.171609349163067
0.930603115787079
0.838018430787147
0.361326399427525
0.677174228093202
0.279422288890659
0.687457726191477
0.765749975464190
0.214184038440783
0.062429463054253
0.083012943660381
0.097829232969242
0.194601789207478
0.426609516342454
0.698796680988184
0.704983601674896
0.665420867346889
0.252508347040279
0.344154471226108
0.957454034107483
0.714408161451299
0.901034022169669
0.030667620259648
0.257252211802291
0.598531948681237
0.974023286241118
0.428477905890196
0.471248720526345
0.028185419285756
0.441744577345319
0.685521356149354
0.199794768448823
0.372347693132399
0.523539786470840
0.561121168342010
0.049521920759940
0.802962075361499
0.248578894067825
0.815271896224130
0.017146113802281
0.311008357587740
0.898284840350172
0.114975346771523
0.505610146795218
0.324894356226965
0.813772027759707
0.210593748004452
0.990315224039515
0.066280374334324
0.554748219230561
0.947769257681337
0.780688535785623
0.455782240934569
0.978436877940985
0.037940747122253
0.054314189615806
0.952460163716441
0.466418653012448
0.525562910142151
0.980645583002197
0.908163230823429
0.211084265825844
0.180440351451021
0.280510923490166
0.734624052762345
0.741561519793031
0.330032844250106
0.537586127658182
0.990140413860856
0.145304740474236
0.554732241460463
0.301148770982935
0.043589580358746
0.669707588697647
0.806758917778152
0.368483936585711
0.483479615991693
0.017352665316943
0.358799160159565
0.549759990791678
0.572100885013165
0.306568417375241
0.330448526111640
0.027883125482073
0.285005294850564
0.368389273699554
0.082197315097878
0.237465458101344
0.834807926712003
0.607760225240029
0.218111041103541
0.742971157069770
0.818844491531534
0.398551392554562
0.023482080094275
0.553468543828218
0.140112911881932
0.353514924810042
0.091054671020738
0.130253325277126
0.498819665284278
0.645786912946863
0.431402096725722
0.542409245643024
0.315494501178849
0.238161014038213
0.910893182228735
0.798974117170542
0.255513679820818
0.269692342388300
0.348734107496559
0.827614564833983
0.576260759763541
0.679182634073860
0.855497690316056
0.861266055079767
0.047571907307753
0.937695005879595
0.098731512715449
0.882379834019756
0.545455230653964
0.316842553818991
0.625350991089526
0.364299721719837
0.715393946373553
0.648833071183801
0.917768265548054
0.855506858255485
0.002347995528182
0.008822936568792
0.985760183998272
0.501167660812460
0.654609849515655
0.417162280258333
0.043576905989822
0.970104350694504
0.655323294296546
0.954470088684219
0.769078467399384
0.910836974117363
0.224162430606858
0.117812574895943
0.738451538485685
0.800423190370399
0.796995208969803
0.593949228801741
0.661689244984504
0.844567116277556
0.531644234215675
0.760420758165615
0.726946949831651
0.077099464403977
0.077263311518944
0.352297940455516
0.441399186589475
0.792657258358159
0.001131011639317
0.359167451671868
0.648164116147982
0.003479007167499
0.367990388240661
0.633924299680593
0.504646668445620
0.022600237290654
0.051086579473264
0.548223574435442
0.992704587985158
0.706409874235471
0.502693662654000
0.761783055384542
0.617246847887173
0.726856093260858
0.879595630280485
0.355698386372858
0.527279283631257
0.676590838784627
0.949647615174599
0.188968528150101
0.521157954596522
0.481291848924613
0.949389286315716
0.248104903962512
0.558391313328590
0.026652597834660
0.600402844883689
0.999790499918065
0.819309856192819
0.601533856523006
0.358957951589934
0.467473971875140
0.605012863690505
0.726948339830594
0.101398271555732
0.109659531670464
0.749548577586910
0.152484851028996
0.657883106571568
0.742253165106407
0.858894725264467
0.160576768759907
0.504036220025288
0.476141573151639
0.887432862486426
0.383631849840112
0.831839959524497
0.414712145652022
0.060222688159078
0.781487574233435
0.603680673802123
0.581380642755600
0.262779422692386
0.553069960117838
0.829485547183773
0.821170736020976
0.579722557952498
0.429888391601801
0.820961235939041
0.399032413679656
0.031422247659146
0.179919187063314
0.866506385554795
0.636435111349651
0.906867526893908
0.967904657110527
0.746094643485776
0.656416104015157
0.120389508139523
0.403977749591683
0.398669269121564
0.979284233403990
0.564554518351590
0.902705489146852
0.455425806089968
0.451987380372354
0.286337338986964
0.287265765148804
0.866699526024377
0.346560027146041
0.068753338916578
0.470380199826500
0.927940670367303
0.331532761608964
0.023450159478677
0.757426217085415
0.152703497629940
0.603172717431175
0.187314608221554
0.973664733568982
0.002205130645169
0.218736855880700
0.153583920166634
0.868711516199965
0.855171967230352
0.060451446594881
0.836616173310492
0.601266610250467
0.716867551075699
0.957005681450016
0.005244359376488
0.115536819731601
0.936289914388345
0.569798878193739
0.018242308412791
0.391715720478313
0.021786258100432
0.304579647399755
0.678981485627117
0.888485784590470
0.651139675011458
0.747734825009357
0.358865983951309
0.579080344913099
0.079267586152660
0.382316143429985
0.336506561532853
0.231971083782600
0.985488860861160
0.523821169754407
0.205635816885920
0.987693991506330
0.742558025635107
0.359219737052554
0.856405507240633
0.597729992399798
0.419671184113096
0.693021680085464
0.198996602650265
0.136538734723133
0.650027361069819
0.204240962026753
0.252075554454734
0.586317275458163
0.774039840220492
0.270317862867526
0.978032995936476
0.795826098786586
0.574897510732942
0.657014481097932
0.684311882911395
0.226037185278738
0.404749305641628
0.043177866397043
0.805117530191838
0.484016892259948
0.425494009827028
0.141624091259029
0.715987976042548
0.410982870222527
0.665445261013436
0.921623793394130
0.398676861263195
0.408003286182882
0.280843529981022
0.255082368038167
0.005733278117018
0.700514714094119
0.948104048589293
0.204729880767283
0.837053448817252
0.598131409193450
0.408970843259697
0.089129002806325
0.184448684185952
0.183010683014528
0.359446866139512
0.162481679656767
0.978836781801114
0.934344376872454
0.819496161220361
0.663148664246848
0.160381561685531
0.224245466396327
0.706326530643891
0.965499091877369
0.708262358656275
0.131820540005258
0.107123182670736
0.424250334698823
0.542803410227785
0.772568443684172
0.345874127627292
0.941480271490980
0.180571729401393
0.626717657608314
0.196562639529147
0.186305007518411
0.327232371702433
0.144666687652779
0.391034888751355
0.164285820054023
0.742798096846229
0.800005732011053
0.253414823326010
0.927246781497843
0.983016415025581
0.612861689465522
0.089728460688949
0.961853196826695
0.547206065872314
0.909224621909309
0.625001860607882
0.707587627557846
0.133470088305636
0.331328391251773
0.673086718969553
0.841732446961912
0.463148931257030
0.780209901640289
0.265982781195074
0.005952341484815
0.552778344858800
0.611856908822366
0.947432612975795
0.733350074260193
0.238574566430680
0.143995252039281
0.919655081778604
0.565806938133113
0.288661939692060
0.310689970064298
0.730092758187136
0.031460036538290
0.110695701609690
0.983507581513146
0.958706818036133
0.093712116635270
0.596369270513006
0.048435278259420
0.055565312996304
0.143575335919659
0.957659900634391
0.680567173604186
0.851162963477505
0.091129988474366
0.011895564390298
0.524249681981397
0.932862435436278
0.475044496112989
0.304459583156025
0.198845216631352
0.480996837597805
0.857237928014825
0.810702125453717
0.428429450107938
0.590588001809357
0.049276691418736
0.572424702612881
0.510243083587961
0.615083629551848
0.861086642304941
0.820933053652259
0.345176387738984
0.892546678843231
0.931628755727610
0.328683968786469
0.851253496413703
0.025340871897219
0.925053239765136
0.899688775138785
0.080906184893523
0.068628575219134
0.857348675307514
0.761473358497710
0.919791539162300
0.948478663781881
0.773368923353669
0.444041220678036
0.881341098752497
0.248413419000997
0.748500804299722
0.080186314918188
0.729410256598801
0.605738731848886
0.890888440837566
0.157839706241079
0.196326733658242
0.940165132256302
0.730264408853959
0.706569817246203
0.555248761808150
0.591351051158901
0.527502870432801
0.900425149547134
0.483897729536471
0.459131625694750
0.229109117867942
0.335151225950174
0.484472497591969
0.154162357167416
0.234840000623297
0.565378682485492
0.222790932852212
0.092188675465150
0.326852040983202
0.142582471548851
0.040667338781370
0.100220963871209
0.586623692226887
0.922008437533867
0.348634382872206
0.335124496060947
0.002194752452054
0.078044639005347
0.940863228375494
0.893083193289620
0.235884345246425
0.137189961568075
0.833248325080261
0.966148754566046
0.843759778814278
0.388497086422749
0.557499805259285
0.371262648781418
0.288922235504222
0.041397534330095
0.830394274941829
0.518031353837825
0.376548760280269
0.314866772068137
0.672193711005242
0.611388760903566
0.880245455019290
0.894984643857453
0.703577436368716
0.207097495536831
0.037567114940643
0.744244775150085
0.307318459408040
0.624190807633191
0.666253212683952
0.655952842280247
0.959315303694138
0.668447965136006
0.733997481285593
0.900178531603971
0.561531157959966
0.969881826532018
0.037368492706385
0.394779482574565
0.936030580632403
0.881128271520663
0.783276569462976
0.493530385426027
0.252390920302081
0.072198804501537
0.534927920221783
0.082785194778249
0.590230158339362
0.911476680502052
0.397651966846386
0.262423869344603
0.522865441405617
0.277897421400015
0.157408512736395
0.226442877308672
0.484994916936846
0.194975628142699
0.970687652924418
0.792313376344886
0.819166435775890
0.636940865142709
0.448266218159472
0.778481739004367
0.305388829813054
0.182263698979404
0.678660270608338
0.866919987773020
0.152145525511422
0.716028763314722
0.261699469881924
0.088176105678164
0.597157034835386
0.044976038879238
0.581706491569852
0.849547955137467
0.117174843846436
0.116634411325974
0.932333149915716
0.707405002185798
0.028111091362364
0.329985116296441
0.969828871530401
0.550976532767982
0.607882538162117
0.127237384266796
0.777419410542315
0.092877454633302
0.322213012409496
0.748107063001072
0.885190831443849
0.141379447719725
0.385047927678119
0.333457049137660
0.919861186724091
0.690436757491174
0.515720748582725
0.598521456866768
0.557356744798532
0.667866274094147
0.314550220181490
0.819056214680456
0.756042379772310
0.911707255016876
0.864032254025355
0.337748870876501
0.761255209688682
0.981207097871791
0.454383282202474
0.693588359138737
0.688612099591928
0.482494374030500
0.023573474969516
0.658440971122329
0.033470906332820
0.631456013131633
0.785678355389125
0.810890316875135
0.724333468230597
0.107891367332959
0.558997379410545
0.609524299208785
0.249270815052684
0.944045307088664
0.942981348346444
0.169132001311114
0.634482064114177
0.458702096463508
0.767653458643543
0.191838808447048
0.126568370091994
0.082203678359372
0.010895023127503
0.882610750329965
0.993910933376248
0.874927277152858
0.220359620740805
0.755166142599269
0.856134374558988
0.674742903408940
0.448754501272344
0.544746473685255
0.157237276973779
0.472327976241861
0.203187444341922
0.190708183306599
0.103783989373494
0.988865799731047
0.001598500181734
0.828117457604090
0.096757166598345
0.560595879592279
0.437641756347214
0.346027981651029
0.504641186680943
0.380623104227997
0.515159983427804
0.139123250329459
0.839325201157166
0.282813441605686
0.330962059242168
0.965893571249160
0.365017119965058
0.341857082369671
0.848504321113464
0.358928052875645
0.216784359056868
0.068863941854268
0.114094195009253
0.072918733150195
0.743606845263209
0.562848696281597
0.617665206835449
0.900844122236988
0.035176672057797
0.820852651643033
0.091552305077925
0.138960661431291
0.809718450908418
0.093150805259659
0.967078119035381
0.906475617972424
0.653746685317599
0.404719874916933
0.252503599157791
0.158387871532882
0.785342979610592
0.767663582585595
0.297511121862340
0.624668180302097
0.050477023725620
0.628473181104508
0.590561751085595
0.415494143690678
0.970330263474179
0.439066072199059
0.774422196566324
0.187114622065385
0.507930014053327
0.888516391575577
0.260033355215580
0.251536858850874
0.451365087391513
0.877698562516691
0.152380980622201
0.486541759914971
0.698551213694062
0.243933285700126
0.625502421346261
0.508269664136818
0.337084091425447
0.592580540381642
0.414745281643581
0.990830776743046
0.997300415298576
0.667248881267034
0.149218647810267
0.782643394443506
0.434912463386968
0.446729769672607
0.407311574279941
0.485389487578249
0.075202950777115
0.997873325831198
0.900883631268928
0.045533213785632
0.436939397564595
0.675305827835252
0.232647836316679
0.944869411617922
0.563822218945167
0.492681191532258
0.196406270003135
0.015187306336680
0.370379753583288
0.348787250625336
0.501729066251651
0.068930966811688
0.592720536325462
0.127231487132251
0.577200631414168
0.929804627750909
0.719812027513893
0.991945913057749
0.920635404028294
0.717112442812469
0.659194793859122
0.069854051372900
0.499755836790314
0.094107257246090
0.516583821511168
0.907067411535917
0.579496744824339
0.591786772288283
0.904940736901453
0.480380375627605
0.637319986073915
0.341880134000387
0.155686202997196
0.869967822390594
0.286749545152648
0.719508422408024
0.362649013922852
0.483155815155784
0.734695728744704
0.733028767506140
0.831943065781120
0.236424794530694
0.801959734783489
0.424663601640921
0.363656281662945
0.379160365731996
0.354468229391830
0.083468309176838
0.371106278324084
0.275103632954463
0.800580751989307
0.030301072183205
0.344957684793024
0.300336588313960
0.124408329429295
0.861541506304192
0.207403999384215
0.703905074253634
0.453328278126814
0.112344735820007
0.184285449415578
0.090648263735067
0.454224869820394
0.339971652878435
0.960616086591322
0.740974414973042
0.059480074820798
0.323265100048513
0.224130229663164
0.794175803565502
0.056293867088991
0.056073294978623
0.030600597630535
0.858253601872480
0.480736897085205
0.394256879293479
0.237413967138815
0.835205126477035
0.477725188470318
0.608520245928560
0.110308758965837
0.278305939993964
0.638821318111765
0.455266443758861
0.578642528773585
0.763229647541060
0.316807949597392
0.786046528157800
0.467134721329033
0.770136227724206
0.898391264443468
0.651420170744611
0.860784491924934
0.352616133798201
0.991391823623046
0.821400578050595
0.093590548771243
0.050871897978183
0.144665677633446
0.317720778434407
0.845047701543685
0.200959544722438
0.373794073878692
0.875648299174219
0.059213146594918
0.854530970963897
0.269905178467699
0.296627113733733
0.689736096975271
0.747630366938017
0.905147359662292
0.800044855941108
0.025936306931980
0.543968677308396
0.255311299699969
0.604578835705565
0.307198324383794
0.572119249297361
0.390625363397703
0.774333045712827
0.342255477021567
0.289016627375510
0.425753216457438
0.203039968480840
0.641632761639372
0.417145039614823
0.024440546065774
0.735223310410615
0.468016938058667
0.169106223699221
0.052944088379361
0.313064639136691
0.370065768421658
0.426738162258052
0.188712938310910
0.429278915016576
0.281269132756288
0.458618116778609
0.725906029215970
0.971005229731558
0.206248483250965
0.631053388412601
0.771050085672666
0.232184790182945
0.175022065720997
0.026361384906974
0.836763625888509
0.482220390104791
0.598480634204336
0.227388989286213
0.256553435817619
0.940736111225903
0.516405616661723
0.682306652275057
0.143776079241082
0.158038377835433
0.099451691424219
0.168216625306856
0.893261688246048
0.567468629482886
0.337322849006077
0.946205777091070
0.880533269085238
0.707388617893396
0.372943938883461
0.069246206930488
0.136667532444311
0.654213072105410
0.527864323709097
0.862573561660281
0.625218301371307
0.734112806960062
0.493626950072882
0.396268386578312
0.966297597608668
0.668649015793879
0.422629771485287
0.803061223031516
0.150869405433009
0.021110405689622
0.030450211852067
0.407422841250628
0.961846516915526
0.546855828979451
0.089729493060023
0.105622596156608
0.704894206814884
0.189181184949903
0.273839221463464
0.598155895060932
0.756649814432789
0.611162070935202
0.544361671686341
0.637183083052367
0.318550688362937
0.917305610569802
0.706429289982854
0.455218220807248
0.571518682209551
0.234293613226290
0.317791782467529
0.196736983580858
0.968406420652013
0.811418732540411
0.593005370159170
0.934704017795019
0.480067747868629
0.015635141644457
0.737765240360873
0.630937153301638
0.036745547334079
0.768215452678602
0.038359994552266
0.998592064249605
0.315071281192392
0.128089487612289
0.104214659940551
0.019965487541615
0.317270672562192
0.378053881869676
0.618121382602547
0.073920486994982
0.989215952804878
0.162483053823227
0.711103570047349
0.307766640702154
0.079788664393029
0.417532860030203
0.762984861509402
0.651307346602579
0.651826473256492
0.080776643511270
0.848044330183437
0.620232893442843
0.892195376051681
0.441049700342608
0.554936910772201
0.372263123454649
0.456684841987064
0.292702151133075
0.003200276756287
0.493430389321144
0.060917603346015
0.041560271308553
0.492022453105088
0.375988884538407
0.169649758920842
0.596237113511300
0.395954372080022
0.486920431948696
0.974290995380977
0.014075754682569
0.560840918943677
0.963506947720194
0.176558808505795
0.271944488525365
0.271273587956686
0.256347472898824
0.689477348555567
0.034258449000427
0.907654819967064
0.341303821812060
0.115035092977358
0.755699149684840
0.961536715254903
0.007230468563377
0.196748849561787
0.516473626027104
0.379493592483687
0.653433691548851
0.809175777160179
0.382693869239974
0.146864080404334
0.870093380506194
0.424254140548526
0.638886533975083
0.246082264578940
0.593903899469368
0.235123647020722
0.642036636658961
0.080824330952402
0.209414641936037
0.656112391341530
0.641665249896080
0.172921589190570
0.832671200312987
0.913609738887106
0.444195177147256
0.089018672746149
0.603087086977012
0.478453626147683
0.996673492713214
0.944390908789072
0.593488719125040
0.752372642398054
0.905927624043975
0.600719188154079
0.949121491959841
0.422401249605418
0.980212780637766
0.602555183508692
0.231577026299935
0.362906649412078
0.749419263913026
0.101670406340468
0.787160789960605
0.388305797422447
0.347752670919407
0.381064688964311
0.623429444443169
0.989789307578369
0.461889020382375
0.832844086379206
0.645901698919899
0.103554269812794
0.005765675104114
0.478572898767224
0.017164008234238
0.449960852251370
0.567591571513373
0.620251095676912
0.928414478864714
0.564265064226587
0.564642004000322
0.521903197524093
0.316637706158980
0.470569627578636
0.122622385212510
0.265759197653159
0.892970877184053
0.102835165384614
0.868314381161851
0.124547903018327
0.465741814796693
0.617733645074877
0.226218309358795
0.252902604291636
0.006039442031663
0.573970980278203
0.633967293721609
0.629468886940493
0.563760287856572
0.095856313638322
0.462312972854037
0.209661986310809
0.199410583451116
0.468078648423813
0.688234885078033
0.216574592151015
0.918039500675183
0.255826456125745
0.836825687827927
0.846453979074235
0.820091520352332
0.401467691362588
0.368357176598328
0.136729226045650
0.872037319406884
0.490979561810838
0.402488424164471
0.765008196125276
0.593814727661114
0.270802804860660
0.889556099609265
0.059556541992145
0.888536449935537
0.115774408502399
0.312459146749442
0.894575892432861
0.689745389246263
0.946426440471051
0.524044778907692
0.253505676637173
0.042282753643711
0.986357751761730
0.463167662947982
0.241693337094827
0.454436399719881
0.151402547560354
0.458267929245843
0.372475900395064
0.407229003686099
0.295093616608108
0.218929879003637
0.227320524038431
0.696561308436357
0.587287055601965
0.364049750084081
0.568598627377580
0.078266617412803
0.766538174248551
0.333606823037195
0.672081345073917
0.037340979109211
0.223162922180799
0.731637887066062
0.925877429044748
0.338937331148860
0.044097033349842
0.820453321011948
0.028682719929462
0.990523473820893
0.344498099453979
0.282188396566635
0.032806226998943
0.330855851215709
0.745356059514618
0.274499564559432
0.785292250935590
0.896758607074972
0.732767493805274
0.157768150864992
0.303987610295409
0.027861110413382
0.376698030334291
0.531308134333840
0.724422418849739
0.963985085936256
0.895357884883582
0.293021045761658
0.042251702883398
0.661896058666471
0.626627868798854
0.714333047957315
0.699237037775683
0.849790791445314
0.445970935023376
0.625114466820431
0.188728122128513
0.490067968373219
0.445567787366718
0.217410842057974
0.480591442194111
0.790065887286359
0.499599238624610
0.513397669193054
0.120921738036406
0.244955297673566
0.787897233752486
0.906213988971996
0.141713904282876
0.520664727557760
0.063982139836988
0.445701514578285
0.548525837971142
0.440680170171280
0.977009649377786
0.272948256355221
0.404665255641874
0.872367533795707
0.565969302116879
0.446916958990934
0.534263591996517
0.192597170450071
0.161250006482587
0.233500629772200
0.042387961429724
0.607220941505963
0.858615096592631
0.231116083558237
0.097288909879182
0.304182883493687
0.448526925616212
0.577880352073293
0.094248770314385
0.948126164240821
0.091278020800686
0.215170508350791
0.193081461448726
0.879175255018834
0.121384497322787
0.334795365731602
0.399839982110932
0.185366637159775
0.780496880775549
0.948365820082075
0.626046807331055
0.757506529687674
0.221314075971634
0.030712062507268
0.629874063017719
0.787283378088513
0.477629021498202
0.164137654548575
0.979880548538585
0.638879028446450
0.397638284320775
0.022268509968309
0.246099969486753
0.256253380447744
0.253384593526546
0.343388879365934
0.560436264407093
0.701911519608419
0.921269231439228
0.654685034721477
0.650037683383579
0.012547252239914
0.869855543537929
0.843119145297966
0.891722507258748
0.991240040860716
0.177914510563907
0.291562488904019
0.176606677554830
0.958411391339456
0.239928308520433
0.802653484885885
0.715917920561469
0.461242384492067
0.833365547393153
0.345791983113527
0.248525762114919
0.310994568891355
0.509929638127764
0.228406310187842
0.949873597337806
0.907567922448538
0.250674820156151
0.195973566358897
0.163821302896282
0.504059414148358
0.539362446190492
0.724257567303375
0.205970933291116
0.460631677164059
0.378942601559191
0.856008616674695
0.473178929403973
0.248798144631459
0.699127761507001
0.364901436197060
0.240038185026514
0.877042272536569
0.656463925101079
0.416644862581345
0.835453663410365
0.896392233621512
0.219298347001569
0.551371583971834
0.357634617647917
0.052663894394722
0.897163567085361
0.606160379762836
0.363658463286077
0.407093204747463
0.834566690416339
0.313532060158221
0.314661127196001
0.085241510106829
0.509505626517118
0.478482430092284
0.589300924255187
0.048868072241949
0.202739996929998
0.795271857546303
0.509499749871669
0.581682598489189
0.651280474220999
0.982678679275642
0.830480743586310
0.350408235262338
0.347580115472702
0.070518928147163
0.227450507333246
0.004044040108120
0.487163791194169
0.062904170743611
0.900436274195293
0.706462138195737
0.614275754715444
0.258070891377549
0.759126032590459
0.511439321335144
0.864231271606046
0.122784495410875
0.918532526548269
0.698797961556724
0.436316555569096
0.233193653278609
0.784039471663553
0.945822182551875
0.711676083370892
0.373340395918740
0.994690254793824
0.914416080300890
0.168612252999382
0.504190004199832
0.496098678324418
0.819892727220381
0.486868683475474
0.326579421445066
0.170300962482719
0.834448798948177
0.397098350057890
0.397751469815965
0.838492839056297
0.884262141252059
0.460655640559576
0.738929112785928
0.590724278982135
0.074931394809359
0.997000004629139
0.349850311572594
0.586370716610165
0.861231275769524
0.472634806983468
0.504903242692772
0.560029236860587
0.908951363018226
0.738096895971381
0.344068708058479
0.854773545104439
0.449772978876612
0.717409103977219
0.849463799432602
0.364189058711840
0.886021357442262
0.353653803632433
0.860287737036258
0.705914084196982
0.840522487107908
0.186867158481324
0.876215046679701
0.674971285590423
0.583965508539214
0.273966516495667
0.513464124181058
0.468227649325611
0.734622157055243
0.252393236966987
0.058951927842084
0.809553552330264
0.249393241130464
0.408802239414678
0.395924268474767
0.110624516434327
0.881437046863808
0.900827511167539
0.670653753294914
0.790388409416372
0.638924406673258
0.014722460887731
0.645161954055150
0.088697385084209
0.732131565330611
0.494625753022090
0.452886443796049
0.618152922307212
0.848279556654524
0.313174180366646
0.324067006038533
0.688802043296770
0.500041338847969
0.200282052718234
0.363773328421532
0.084006846921522
0.474248569213901
0.877237453068252
0.552234496247133
0.208870725803483
0.129630689569577
0.611186424554878
0.018424277668085
0.379023930700041
0.019988663503895
0.414348546142852
0.489648447134368
0.901425710367703
0.315176056844730
0.160302199963621
0.691814119318414
0.954100463517988
0.175024660851352
0.336976072907902
0.042797848136536
0.907156226181964
0.831601826395654
0.495684291932585
0.525309148023515
0.679881382584517
0.808858472764892
0.849376154527709
0.368683425881287
0.308899811147200
0.049658206780282
0.732456754302819
0.392906658534383
0.523906775994183
0.609694206905409
0.945141154781515
0.732777501797666
0.739324896474986
0.556327578870732
0.751201779931412
0.118348826709366
0.576316242840288
0.165550325608603
0.607997273843734
0.477741952742330
0.480726382918994
0.768299473807355
0.169556072060743
0.434826845971321
0.943324135124369
0.506532144968646
0.477624694573518
0.850480360840671
0.338133970898638
0.973308986506103
0.375789508864186
0.018015353483155
0.782167458805334
0.225165662926233
0.386698779364442
0.091067269952533
0.274823869706515
0.119155533201599
0.483973928486916
0.798730645700698
0.728849740572669
0.429115082802770
0.531508147032702
0.468174636581994
0.985442662139164
0.282709926498453
0.586523463757021
0.561758904513791
0.448260252572717
0.194520737135094
0.039500856790459
0.928986635491711
0.962820211408110
0.209056928851203
0.363813480997371
0.906144346066818
0.715589074285510
0.841438175570890
0.756624706441827
0.053723044718487
0.814747162076992
0.132414214840352
0.071738398201642
0.596914620416665
0.357579877766585
0.458437177566084
0.687981890369198
0.632403747473100
0.577592711233344
0.171955818390453
0.431134392708137
0.306442451340352
0.601070901658885
0.962642540206501
0.774617087922346
0.586513563332387
0.245352466239292
0.361140551213706
0.148272467380516
0.693612718812010
0.555661288814461
0.187773324170976
0.622599353838060
0.518481499756911
0.396830253487839
0.986412835301092
0.424625845358067
0.112419327307688
0.827851010406320
0.181250551334233
0.166142372026174
0.642598172017652
0.313664766640246
0.237880770693478
0.239512792434317
0.671244644406831
0.696317948259561
0.927494682803515
0.303648391879931
0.273910659027244
0.099450501193968
0.734782784588068
0.580353110367597
0.700521402852853
0.697425324328907
0.354970198289943
0.287034965719578
0.942777791033861
0.716110749503649
0.435307433100095
0.636390509380209
0.271772037852449
0.623080757271070
0.258989863218269
0.790253537609360
0.019911010293249
0.245402698053700
0.214879382501766
0.132330337600936
0.073253707994359
0.396129934301660
0.298472710092772
0.715851880477672
0.709794700941907
0.536353480786250
0.955364672911989
0.381039344883077
0.232671428580150
0.882859355249842
0.684687736763008
0.506582088073055
0.982309856443810
0.419470521351076
0.086935197974991
0.682831258831001
0.116895845214322
0.441905396264934
0.969866224550580
0.059673635782522
0.158016145768583
0.405173657185013
0.696064145628393
0.429788183621032
0.028254414456084
0.955054008846662
0.220041721230392
0.048165424749332
0.200456706434701
0.434921103732158
0.180495762815930
0.273710414429060
0.831051038033818
0.478968472908702
0.989562294906733
0.540845738510064
0.015321953229290
0.944926967353060
0.921885083858802
0.247993381809440
0.827786322602903
0.606572820156148
0.754575469882495
0.810096178581052
0.026043341041563
0.841510668323147
0.492927437412053
0.142939186721546
0.283416064122420
0.462793661496972
0.202612822504068
0.441432209891003
0.867967319147646
0.898676968132461
0.871220393977696
0.896221733603730
0.853730976513462
0.091262114742427
0.944387158353062
0.054187682482501
0.526183218474585
0.124882920703330
0.327898097377223
0.357234256508404
0.603851393612032
0.317460391818294
0.898079995018467
0.619173346841323
0.262387359171355
0.819965078411608
0.867166729116424
0.090173681308596
0.426537898567756
0.621742198533259
0.900269859889648
0.452581239609318
0.463252866390745
0.393197296836040
0.595520426330865
0.746668930978826
0.855990958798672
0.798133249300594
0.188101140404167
0.723958277480657
0.696810216967394
0.059321533916202
0.620180010618726
0.550541193480855
0.150583648658629
0.564567168506126
0.604728875963357
0.676766867598876
0.689450089675118
0.932626973340580
0.034001123641618
0.293301482821489
0.250087365158874
0.932081118660085
0.912474830128474
0.512474724330229
0.752046197071693
0.779641558779237
0.602648405638825
0.178584095173787
0.401383756846834
0.502918265062812
0.631165334783106
0.864636623703240
0.896115562364513
0.226685761113970
0.611305554216404
0.752106520697524
0.024819009948903
0.799406694620571
0.476064797712520
0.721629226916297
0.858728229002435
0.096244807865585
0.272170419931491
0.009311877195403
0.660811976371711
0.876899296360509
0.686078744794279
0.350262065581168
0.809526269235428
0.720079868435897
0.643563548868319
0.059613633928641
0.652160987095982
0.556038378531131
0.572088358258870
0.404207183702014
0.335679936844706
0.174736763432034
0.582791278875801
0.737063693691540
0.677655028960507
0.213956613193246
0.601700316929119
0.573770590859358
0.440642374307216
0.213005870679862
0.325877111091221
0.465461384256120
0.012412565300433
0.801941908803741
0.187090611172417
0.871140794302868
0.898186716669326
0.459261031103908
0.880452671498271
0.558998692575376
0.336160326998755
0.566531416292550
0.909260758622205
0.145686596234183
0.286611284262785
0.552824307024863
0.205300230162824
0.938772271358768
0.108862685090333
0.777388588887355
0.342979454595120
0.444542621935039
0.952125352319388
0.925770733470922
0.181606315160918
0.629780380814234
0.139727346664168
0.783306632555698
0.203550971207931
0.580369720971384
0.996312503235560
0.529428082299152
0.045831105227504
0.008725068070332
0.331369990637233
0.232921716399920
0.879865862373200
0.229556706840897
0.692182747503828
0.760318533871471
0.788555399881934
0.028343074502583
0.326849949698360
0.697816158038478
0.174029670736766
0.613461233961145
0.250640464597680
0.379329900899590
0.552233505319913
0.359503149688013
0.156718489321283
0.895212959915033
0.804045771623052
0.108843841640672
0.820983693385955
0.985652086783970
0.738624222454906
0.960711040050122
0.768958718874007
0.942175194128498
0.541080760555845
0.765271222109567
0.471603275961989
0.586911865783349
0.773996290179899
0.802973267064883
0.819833582183269
0.653862152553099
0.032529973440119
0.512016329687096
0.414180685958909
0.821085373322054
0.540359404189680
0.741030635657269
0.518901530894871
0.714389074926446
0.354491869152753
0.769541995492551
0.093718975360374
0.906725374472665
0.129045144714902
0.250437465147319
0.801938334387698
0.933090916337953
0.359281306787991
0.622922027307992
0.918743003121923
0.097905528777235
0.583633066892453
0.687701721530269
0.040080722440072
0.124713826982637
0.452972943174174
0.511683998867722
0.711625693231647
0.226969233354074
0.314657265466944
0.531459274949254
0.880831385907173
0.347187238907063
0.043475604170689
0.295012071400421
0.168272612229117
0.583835008360369
0.036042706592028
0.687174143123987
0.298224082821153
0.390534575744781
0.456716138616538
0.391943058647189
0.297259950217446
0.585761283331440
0.642380523794508
0.099198284139483
0.518852199669393
0.001661830116837
0.722120311447475
0.437595202325655
0.099567358894072
0.305753377874267
0.125296923390262
0.139648081799805
0.430467204856904
0.578269867030098
0.651332080667527
0.142092897622889
0.805239100384172
0.965989346134471
0.673552173037805
0.686070485825683
0.313176584575873
0.717027777208494
0.981082557226104
0.481449196804990
0.300862785568863
0.017125263352471
0.168623339928977
0.599086868390016
0.407659839097252
0.625339478545515
0.991029927037205
0.704919789314698
0.211100761411293
0.633410450366051
0.804118073454182
0.729952961080686
0.635072280482888
0.526238384435996
0.167548162940679
0.734639639842622
0.831991762310263
0.292845086796603
0.874287721642427
0.262458967167166
0.871114953826701
0.525619801844293
0.404551864790056
0.676354053745211
0.491609147513103
0.078104037362199
0.362424539105233
0.804785732088976
0.795131815036355
0.343507095865676
0.286234928893966
0.095994600139556
0.360632359218147
0.454858268822943
0.695081468529572
0.768292198315399
0.080197746902796
0.686111395566776
0.473211987630097
0.291298508314089
0.319521845467166
0.277330060618618
0.021251469394775
0.954594126415716
0.803568445520275
0.188799632335454
0.689233765792676
0.635560207364876
0.481644719132057
0.563521486969442
0.898019174532042
0.352759672493096
0.089141288348074
0.302571039322098
0.029113725772646
0.580750435861177
0.380675076684298
0.391538264877879
0.385536167484492
0.175806891254991
0.735045360743555
0.671771096378458
0.271801491394547
0.095677719496040
0.126629364735740
0.966882960389779
0.863969918277101
0.206827111638536
0.652994355490894
0.337181905441537
0.498125620418287
0.972516200958060
0.614511966060154
0.519377089813062
0.927110326908115
0.418080411114767
0.708176722148516
0.616344092235129
0.053640618479643
0.189821441280572
0.179865578738910
0.951659793011686
0.542581113773669
0.269006867086984
0.254230831868123
0.571694840011976
0.849757302948161
0.634905909018082
0.963233104889855
0.235293470432653
0.810712800273072
0.698278465633410
0.907064566811111
0.082514291667619
0.793956185129451
0.033693931546851
0.049397251591737
0.657926102940890
0.240521043185387
0.702391607082631
0.995108008382427
0.738646663603674
0.674907807575030
0.609619974442581
0.258023752951074
0.602018134483145
0.027700385091687
0.966200475565251
0.218362226252613
0.081341003571330
0.156021916380162
0.398227805457184
0.033000796583016
0.698603030153831
0.667234672544168
0.287231628451139
0.270297869700146
0.516991975492328
0.922137537469220
0.233530974590001
0.752285445924981
0.732850337742292
0.931809440223411
0.659350012270431
0.815364629409911
0.725765624887201
0.693043943817282
0.864761881001648
0.383691727828091
0.933564987468331
0.567153487618618
0.378799735744856
0.672211650606343
0.242061294727987
0.988419710187437
0.930235404023079
0.844079429211132
0.016120095279124
0.896435879122669
0.062441655463745
0.097461098850454
0.052457795037170
0.460669460920929
0.130461895433470
0.751060825191001
0.127904132999435
0.417693524350269
0.021358694891147
0.644896108491763
0.339831061353828
0.254889669481148
0.397181553951083
0.072681398630460
0.186699109238898
0.056531566221515
0.888046028040371
0.912464734126099
0.749575510038797
0.752807908576358
0.296156461488528
0.683140497041466
0.319961395729315
0.674956197699046
0.355352147647809
0.562022690922964
0.663375907420821
0.285587551205227
0.406102119668434
0.679496002699945
0.182023429862234
0.468543775132179
0.776957102016060
0.234481224899404
0.929213236053108
0.907418997449530
0.985542050090405
0.057117369052543
0.325112521334138
0.006900744515891
0.702013477544307
0.664943583153628
0.261790413997038
0.099195031495390
0.737624981784087
0.448489523235936
0.155726597716905
0.625671009824458
0.360954257362035
0.905302107755701
0.378478917935155
0.657110718850564
0.588442604797167
0.698440314130131
0.332066916083948
0.943794752444976
0.260463004587434
0.995442823970431
0.229382303184542
0.666565124255868
0.674938826204715
0.411405733046776
0.135108899388047
0.451895927755114
0.645886957946181
0.064322134975494
0.359314925204643
0.631429007570925
0.121439504028037
0.684427446538782
0.638329752552477
0.823452982038005
0.349371029226748
0.900120166549515
0.922648013533395
0.086996011010835
0.348609689785451
0.078374610784638
0.712667020835293
0.709563947147487
0.983676718540339
0.091145938304787
0.366674665532389
0.572119322871845
0.789586252434918
0.698741582081999
0.515914074851160
0.050049256556690
0.694184405586768
0.745296378035702
0.716614381278220
0.369123231325822
0.156702110616817
0.851723280666267
0.821019159546597
0.802589068562998
0.916045415641761
0.180334084285579
0.434018076133923
0.037484919669798
0.864761530824360
0.072347828220738
0.860937901707803
0.214132560051108
0.972467994770253
0.783585914775536
0.301128571061943
0.321077684090043
0.861960525560174
0.013795591431575
0.030641630771869
0.845637243634852
0.104941529736361
0.397316296769919
0.417756566506697
0.894527782636940
0.096057878386256
0.933670641357857
0.944577039193631
0.790242283973024
0.678967019393559
0.661191420006189
0.159365514833185
0.835669130010376
0.512914700206795
0.980384674379781
0.638258198573374
0.428960115848556
0.160718758199699
0.072276274241636
0.466445035518354
0.025480289024059
0.144624102462374
0.327382936760496
0.239612849075167
0.117092096766966
0.110968851070371
0.540741420137110
0.438169781322670
0.972929376630545
0.554537011568685
0.468811412094539
0.818566619799736
0.659478541305046
0.866127708864458
0.236323185840772
0.554006323476325
0.962185587250714
0.169993827198629
0.498583362669956
0.752427870758077
0.848960846592188
0.159774782210484
0.911793386056923
0.684629976136903
0.672689482882940
0.892178059971043
0.322888174244616
0.101649598265835
0.052896818170742
0.395164448486252
0.568094633784189
0.078377107194800
0.539788550948626
0.895477570544685
0.317989956269967
0.656880648181252
0.006446421149395
0.858731376407077
0.095050429038261
0.979375797779940
0.413268387510101
0.563861841132800
0.797942417114015
0.072746928349485
0.429989549997258
0.034265602954787
0.626753252291471
0.392175136782310
0.204259430153416
0.125336614495766
0.144603007540388
0.053220276279943
0.285111396706249
0.056396393131649
0.737850252416846
0.957800879589189
0.948574453102692
0.060738426661463
0.059450477389363
0.001471270807773
0.455902875147715
0.627545111173552
0.079848378002573
0.995691426562002
0.523022681252576
0.397838334272540
0.652572074277593
0.529469102401970
0.256569710213956
0.747622503315854
0.508844899716249
0.669838097724057
0.311484343982993
0.306787316830264
0.742585026539203
0.741473893980251
0.341052919785051
0.369338278365013
0.133649030762561
0.545312349938467
0.494674892860779
0.278252038302949
0.598532626218411
0.779786289567028
0.334648431434598
0.336382878169596
0.737587169156218
0.283222884071629
0.397121304831058
0.797037646545580
0.284694155345063
0.853024180444434
0.424582757719132
0.364542533347636
0.848715606540775
0.947605438971708
0.762380868085837
0.501287680352706
0.477074541373679
0.018950577834132
0.248910183202899
0.985919441089928
0.688788676023851
0.560394527185892
0.292706757454531
0.431373702097393
0.301868421166143
0.633759677239582
0.800711980462406
0.435517451928704
0.179072026712388
0.295386872857524
0.713769490231652
0.777604652930798
0.075173161958891
0.048417921200589
0.113987531100394
0.812760331115108
0.331640805272218
0.511108835931452
0.609797977660689
0.616334960617281
0.364133015910225
0.034380734914160
0.980877494430578
0.212848621985339
0.981986173885868
0.743258362050754
0.714136302338045
0.459060714793885
0.762208939884887
0.963046485540944
0.444980155883813
0.450997615443076
0.523441012726836
0.737686913338344
0.882371317540468
0.825309433892979
0.371446590577926
0.683083297537213
0.260826885356021
0.550518617290314
0.978470170394736
0.974596375587674
0.328123270221112
0.053643332353627
0.023014296322602
0.442110801321506
0.866403663468735
0.354655101594820
0.953219637252958
0.476201640663762
0.970990062677763
0.317352653163184
0.510582375577922
0.951867556642679
0.530201275148523
0.492568549463790
0.695125918227772
0.244337577486568
0.951629264257676
0.457334857646997
0.207384062561851
0.396609419675828
0.908332473555735
0.730825075288687
0.134296333014172
0.790703790630542
0.556134508716005
0.505742923592098
0.473787088167754
0.816961394072027
0.056261540416750
0.452257258096830
0.791557769194039
0.384384810637862
0.505900590450457
0.814572065516641
0.826495611959368
0.372304253919192
0.169227167111462
0.779715249212326
0.848505894582954
0.140217229323563
0.097067901909849
0.359088270160876
0.092084785500581
0.627269177058371
0.851656819624667
0.787210703728353
0.871606754544939
0.803286083416681
0.244545560909689
0.078990817106790
0.199895503092509
0.152878033999763
0.809815892395478
0.334191836106680
0.943581825095965
0.365950401111483
0.839934759698778
0.417368912798059
0.182911794717848
0.896196300115528
0.869626170894888
0.974469564377549
0.280581110753390
0.375526761345345
0.789041629428529
0.107076722247096
0.747831015264537
0.958268796539991
0.886791971459422
0.596336909381830
0.098486025397892
0.983859873369271
0.955425179542706
0.190570810898473
0.611129050427642
0.807081998701711
0.977781514626826
0.482735804506920
0.610368082118392
0.222327075536515
0.561726621613710
0.810263585210901
0.375205109536278
0.371542514009188
0.144455420851920
0.318786934166582
0.737492915120671
0.984390180550697
0.736155846964640
0.920404709838519
0.880586480200564
0.605782017859529
0.894874273750407
0.161167590488292
0.981308779204874
0.683915903178936
0.268244313201049
0.729139794003749
0.642184699253265
0.155036284194810
0.325476702919917
0.740670725116819
0.138896157564081
0.280901882462623
0.931241536015291
0.750025207991724
0.087983880698673
0.909023050642117
0.232761012032982
0.698351962817065
0.131350125712971
0.794487634112354
0.508615547562305
0.506555235249249
0.166030147655881
0.653070968414224
0.825342169881492
0.903523062776552
0.637461148499260
0.561498016380471
0.823927772149410
0.518047628699824
0.167280033774339
0.718802045899817
0.679215219188116
0.148588812513551
0.402717948613091
0.947459532389166
0.877728606517300
0.044902647400695
0.102495816583976
0.203205309437218
0.785573372517514
0.241391974148057
0.484107191899841
0.716814908532805
0.991417182139781
0.572091072598515
0.625837958709261
0.224178193707102
0.270443035415580
0.757188084422233
0.018665827353795
0.779058582977885
0.263743319205820
0.184695975009676
0.432129551392109
0.089085488621651
0.088219037320567
0.069590699425708
0.650583505467783
0.912146809935638
0.587638328125532
0.817863539242122
0.630948855369794
0.266853547313648
0.966452352221335
0.033666803517224
0.214313079237152
0.844180958272974
0.078569450917919
0.316808895821128
0.047386267244530
0.864142823901094
0.558200869969186
0.531493459144371
0.580957731968238
0.549618051643305
0.103584531742886
0.206795690211838
0.773796245816069
0.374027567158466
0.963983774634071
0.792462073169864
0.153086149670689
0.227727093374230
0.977158048645201
0.585215701062798
0.316812582461542
0.065377085500107
0.654806400954168
0.967396087929325
0.977523895435745
0.242444728614038
0.785259626705786
0.608472750339877
0.509298275927686
0.751711978461459
0.642139553857101
0.723611355630500
0.595892936734433
0.720709005240681
0.040420250985967
0.643279203978963
0.584851828676114
0.598621121420814
0.174772663123334
0.165809560178690
0.148239172598458
0.278357194866220
0.372605250390528
0.922035418414527
0.652384762024686
0.336589024558938
0.714497491584391
0.805470911695376
0.564316117933167
0.691655539763931
0.390686612758174
0.881128700394709
0.757032625264038
0.045493013246680
0.848524787858373
0.734556520699783
0.287937741860718
0.633784414564159
0.343029270573998
0.797236018254066
0.385496392559957
0.985168824896761
0.520847373418905
0.981389329294390
0.705877829671780
0.561267624404872
0.624668533273353
0.290729657882233
0.159888745360025
0.799441196396687
0.456539218060923
0.308127918424144
0.077798390797246
0.829144468451452
0.230163336373010
0.730183152821932
0.165733492544728
0.944660827957401
0.535654064051646
0.730049610477895
0.636316367255671
0.926340676809820
0.611178310872604
0.393348992519709
0.971833690056500
0.459703098265316
0.127905512753830
0.259771431917218
0.093487512363814
0.470934783327829
0.057007449705623
0.478983905389432
0.456103607758928
0.577854823124527
0.460373234218160
0.161981436965047
0.139122447063738
0.085041767025852
0.452711094847280
0.299011192889424
0.884482963422538
0.909250312908203
0.607139111313568
0.962281354219784
0.738394780893994
0.837302447686578
0.692464506576054
0.904128273438722
0.781963275643980
0.228118570627700
0.634177883916617
0.418279642433990
0.154459246971858
0.245356194323560
0.811628634953698
0.126292937028358
0.705059292588876
0.939534147707529
0.386064368945576
0.798546805418351
0.410468931035357
0.443071818651199
0.277530710342122
0.866572538794285
0.020926641310065
0.737903944560282
0.028553975759332
0.160049088373803
0.822945712051795
0.481265070606612
0.459060281263227
0.707428675008672
0.390515383514816
0.066199392111134
0.669710029228455
0.128910163943148
0.903501840263373
0.362174535338848
0.033038437381870
0.685465115441692
0.590293105966548
0.667216321298488
0.103744757410020
0.744752353404068
0.912572515622048
0.915373392829380
0.871045290432426
0.617631807745263
0.854907540071247
0.257109658912341
0.416178612697953
0.265376470640943
0.700181477563540
0.693709323040074
0.131949009435228
0.721108118873606
0.431613267600356
0.160502985194560
0.881157207247409
0.254558979186490
0.641768055801172
0.340217488510635
0.961987654195161
0.032283438850326
0.406416880621769
0.631697682957955
0.161193603259136
0.309918720419481
0.993872218762465
0.194232040641006
0.995383835861172
0.584165324263352
0.861448361939494
0.099128593271192
0.328917677201758
0.774020877095880
0.014501985634911
0.199962967168523
0.391652684375482
0.869409525706158
0.457072626080863
0.807831297539096
0.134785996347100
0.157254103178742
0.501540620113509
0.266735005782328
0.878362222052348
0.933153887713865
0.427237990976888
0.759519429299757
0.187712866434694
0.069006046312398
0.099736917344731
0.149700520629855
0.101289485628386
0.506153797966500
0.781398203587811
0.262483088887522
0.816072518851642
0.775270421884614
0.456715129528528
0.811456354247153
0.359435746147966
0.318163491002360
0.910584947518345
0.688353423349724
0.092184367632579
0.925086933153256
0.888316390983908
0.483837052008061
0.794496458859414
0.345389016599110
0.291668349081496
0.929282455206515
0.502643120243514
0.793208969660666
0.196017460523181
0.381005341830200
0.726362856908870
0.623255451500069
0.140524770664296
0.914075723809225
0.692261497812467
0.240261688009026
0.063776243973419
0.793550983440853
0.746415486441187
0.845174447561230
0.056034071862713
0.562488004827168
0.620444869445844
0.512749201391241
0.373944358608660
0.979880615593810
0.830912692393601
0.284529306127005
0.668234038477873
0.923097060026181
0.209616238814600
0.556550428996119
0.406934112034242
0.004112697208353
0.901939446060890
0.698602461115738
0.933395152414867
0.404582565838742
0.491811430310743
0.129412612472387
0.785587907668943
0.218174287219613
0.752668063972456
0.926112678798899
0.132250010563177
0.444929561784924
0.166374366342264
0.196026254536596
0.238480544760116
0.912789852783452
0.041200701632165
0.294514617088490
0.475277857144958
0.661645571078009
0.807263818479732
0.849222216219279
0.641526186206157
0.638176510873333
0.133751521880623
0.309760224684030
0.561273570433852
0.343367760695223
0.866310653680149
0.968207682468094
0.347480458369237
0.768250099275378
0.666810143583831
0.280875610318443
0.172832664648459
0.158621573428913
0.410288223256491
0.958420572783062
0.376795860648526
0.162956286763286
0.884533251116301
0.509045871211703
0.607885848548210
0.050907616992904
0.705072125748299
0.846366393773987
0.963697470242017
0.746272827846125
0.140881010396816
0.438975326921314
0.407918398458473
0.948144828876548
0.288197542674931
0.049444584664630
0.586321339284219
0.421949064555554
0.359204809348660
0.147594909718072
0.765316825716438
0.225515462563148
0.115802591720504
0.112797283620014
0.993765562304186
0.782612735304336
0.393672893938456
0.166598226486984
0.941234309198910
0.803961117194947
0.125018798804385
0.318030169381774
0.966917404423895
0.009552049455024
0.827076041059138
0.574803252506444
0.060459666913589
0.532148166341776
0.421169645814770
0.024157136689945
0.278420993722240
0.562050656211586
0.463132463611258
0.686339392646374
0.510195485088134
0.751330006751851
0.735783977311004
0.096516823906692
0.173279070841744
0.094988786194003
0.244111733624764
0.938595896558182
0.320504248757150
0.359914325810929
0.051393179712535
0.314269810595675
0.142527060649603
0.445066074116652
0.480868037548320
0.083761369382851
0.249027190845938
0.605886836352705
0.401791539230287
0.215944594804172
0.615438886273391
0.228867579823764
0.790747847776277
0.675898553186980
0.761015746165540
0.211917493125385
0.700055689876925
0.039436739887780
0.773968149802633
0.163188153022522
0.725776132534154
0.284163634425105
0.914518159774373
0.461560109379496
0.380680458331797
0.087797230616117
0.556548895573499
0.624792192422222
0.026393126708638
0.877053144330649
0.984706518233151
0.077786306886834
0.191322954926325
0.127233578417093
0.522852381003486
0.672190992474645
0.210994948265606
0.771879571849424
0.278077828361689
0.612786487495893
0.987824167119257
0.893516714635080
0.841654067319657
0.778572014429873
0.569415267356399
0.602669813019535
0.990489507555258
0.269470956767663
0.642106552907315
0.764457656892230
0.432659110255846
0.367882684975808
0.048621290851674
0.347177269564558
0.829442794355304
0.429301749649132
0.434974500180676
0.385991689463142
0.054093941605694
0.461367627354976
0.263044833793791
0.038800459373184
0.539153934241810
0.454367788720116
0.166034037790277
0.062006314779635
0.126558780729100
0.377028986055883
0.833885886629059
0.404636609090789
0.989815473551776
0.821710053282655
0.298153323725869
0.831469540405771
0.600282067246866
0.867568591082268
0.434139353425307
0.590771574802125
0.137039547849931
0.076245905866961
0.355229231228693
0.569698658105777
0.444128591308430
0.403850522546028
0.916875927670335
0.273571385198073
0.833152272195161
0.351850427851011
0.659563075126877
0.887246213800854
0.813218055205987
0.922607908920668
0.926046673174038
0.352371988982135
0.376975697175123
0.092080710498654
0.414378303761770
0.503534477904222
0.469109697020198
0.248264189925168
0.908171086995011
0.458925170106313
0.069974243207823
0.206324410255218
0.290394710512084
0.670256310454689
0.073893001337486
0.724534063937391
0.261027884791153
0.210932549187416
0.800779969804352
0.616257116485507
0.780631207293193
0.244908560647121
0.020107638565874
0.697507134497867
0.518479946310855
0.853259910761034
0.049357561883217
0.178043020972071
0.740506124096227
0.862575617089204
0.100650929427077
0.666552796804604
0.214947605605678
0.477626626602200
0.758633507303257
0.629325909367449
0.981161104506422
0.227743203857794
0.877590099758278
0.889332191035772
0.686668374429768
0.947564342966100
0.095656601290990
0.977063084941852
0.617820652955128
0.169549602628476
0.701597148413582
0.878848538211942
0.380482151815892
0.502377117752273
0.495105654231787
0.161113358643424
0.747285678865055
0.515213292797661
0.858620493141292
0.265765624710250
0.368473203093034
0.907978055490171
0.443808645682320
0.108979326723599
0.770553672113714
0.544459575109398
0.775532123528203
0.985501278185053
0.022086201245937
0.534165630365799
0.614827187086841
0.003247305286698
0.761908834689254
0.492417286379457
0.892579496322470
0.448577208653361
0.439981628879896
0.988236097613460
0.425640293129552
0.057802281835024
0.157785699776274
0.127237441077473
0.936650820046966
0.538267851592166
0.629614558829746
0.431756473813093
0.699381210235591
0.376900237229141
0.946969766610754
0.558001703376883
0.642665861939390
0.315442969238126
0.465979758401392
0.086474507156049
0.424422295961726
0.236533430049444
0.630934082265447
0.199954419024267
0.222034707768836
0.653020283511384
0.734120049390066
0.836861895321338
0.656267588798081
0.496028883613659
0.329279181235134
0.548847085120551
0.944606092267021
0.769260810580692
0.537083182268349
0.370246384930912
0.827063092415716
0.694868882510284
0.497483826008385
0.763713911997021
0.233136733636789
0.127098384838131
0.195470385344452
0.932517944338041
0.503998622067272
0.142440151489545
0.490519647249263
0.146664484006662
0.457883120727671
0.956499405650654
0.233138991162711
0.882305416689397
0.193032835234438
0.864073073893819
0.082259835248003
0.415067543468935
0.517093356939542
0.816379884638069
0.251929438324612
0.173360945737623
0.312408768251729
0.581208619559747
0.722208030858174
0.257014860053088
0.350469429674777
0.259291212660862
0.627261245449661
0.177532521624832
0.954160095171146
0.124745070992385
0.941246433621853
0.187296828807935
0.251843455830516
0.136716818500644
0.119814772680316
0.755842078363449
0.279156969990189
0.610334419929578
0.902506562370112
0.737040090717860
0.566833825114571
0.135645553067162
0.619345506941595
0.759866660349009
0.999718626960981
0.701605342189598
0.174934203352283
0.516811983900523
0.517985226827667
0.426863641676895
0.690172929638146
0.830393995079395
0.008072261236642
0.412380960030659
0.087408854666822
0.358541690911419
0.671672172691520
0.714670100116483
0.536074213001912
0.625832267862667
0.839415171574529
0.477320646158103
0.813129096670602
